# Array shape: (10, 19, 3)
# New molecule
0.11652870   -1.61551191  3.33823836  
0.88629992   1.35072405   1.11620701  
-1.64273204  -0.97451914  -1.44836846 
-0.08918251  1.89297171   -0.51991268 
-0.15816499  0.32459210   -1.89392442 
0.93052586   0.00348470   2.54143432  
-0.01230815  -1.59990447  -2.39930194 
1.50454346   -2.29612647  0.32584832  
-0.27131887  -1.91035056  -0.45101352 
1.75733284   -0.39974601  0.78338682  
0.09109533   -1.36864602  1.37995924  
-1.12322096  1.16007079   1.08370029  
-0.20830468  1.61642446   2.75936982  
-0.28445103  2.93787570   1.20945943  
-1.66590256  -0.75477949  0.58871792  
-1.04495990  -0.21023052  2.47205217  
1.81371952   -1.76328399  2.24642352  
1.32092801   -0.89347188  -1.11230881 
-1.72409800  0.81725118   -0.72954031 
# New molecule
1.06785632   0.05758311   -1.60826214 
0.54749863   -1.69459541  -0.73498768 
1.86723156   -0.46119294  0.21675895  
0.88356097   2.66370197   1.39693471  
-1.89470050  0.35916088   -0.13499323 
2.38752596   -1.42254651  -1.44517756 
-0.89754821  -0.50282257  -1.63287642 
0.44236313   -1.36173134  1.29760991  
-1.05904973  -0.04608327  1.62595104  
0.39237372   3.09160605   -0.47898733 
-1.41705770  3.12100554   -1.20749752 
-0.62095940  1.68832981   0.65131565  
-2.46555702  2.21261903   0.16660291  
1.30765354   1.41707750   -0.13567599 
-1.07865204  3.58144416   0.73920837  
0.83304436   0.63818512   1.62919828  
-2.29898472  1.41208722   -1.72504987 
-0.38190267  1.41499996   -1.27357302 
-1.23102362  -1.48913159  0.16809338  
# New molecule
-1.54766605  -0.24007784  -1.14303266 
2.83742275   0.83121685   2.42365417  
-1.74302276  -2.07872454  1.55340694  
2.63379426   1.64604534   0.53312542  
-2.68385287  -1.60074049  -0.18423405 
-0.05029878  1.08386263   -1.61160421 
-0.33969462  0.98985613   1.63895407  
0.92781764   0.29027291   3.00444909  
-1.28351996  1.46938305   -0.08427709 
-1.72153962  -0.23598261  0.86032075  
1.49712950   0.18909322   1.14650424  
-0.71227614  -1.77293415  -0.11117558 
0.29480325   -0.89690835  -1.68370026 
0.68359556   1.81707145   0.13509834  
1.31005135   2.00072651   2.00367978  
-0.05764655  -0.97968141  1.69462542  
-2.25721292  1.50440355   1.65365307  
-1.84760709  -3.39604367  0.05686750  
1.70614785   0.42281559   -0.84627544 
# New molecule
1.45888691   -0.61029350  2.85033603  
-0.14563637  -0.88814052  1.71928872  
-0.14399244  0.80850003   -1.75974832 
-1.56022774  -2.29203312  1.57468541  
-1.96333761  1.38924726   3.12891926  
-1.87074258  -0.52057302  2.56505356  
0.57002194   -1.08238537  -1.55430474 
-1.62606610  1.05813624   -0.44854228 
0.07668511   1.93870314   0.10150723  
-0.33764624  -1.91409111  0.03566892  
-0.92097109  2.61626626   -1.47816911 
0.93640988   0.80443490   1.54682901  
-0.79036809  -2.55906242  -1.77762372 
-1.79901889  -0.62333723  0.59224593  
-0.20393058  0.44652354   3.17649674  
-1.34930923  -0.72379181  -1.29948239 
-2.21825026  -2.29622530  -0.37215955 
-1.01933011  0.94034764   1.44425716  
1.06982435   2.36372520   -1.56099767 
# New molecule
0.32840855   -0.19367277  1.93653877  
2.66656216   1.37685734   1.67945589  
-1.44498227  1.79338774   -1.58796205 
1.15039152   1.29114954   2.95541520  
-1.53408430  -0.04817771  1.27744958  
0.69995056   -1.72374345  0.73967444  
-1.16675209  -1.60172211  0.09522809  
0.44130152   1.68764629   -0.94221143 
-1.05877713  1.63138671   0.34689281  
2.30905882   1.57271684   -0.27150678 
1.86265973   -0.12762595  0.67097402  
0.35139853   -1.54204678  -1.19865422 
-0.72380616  1.45756610   2.29190749  
-0.34734380  0.16738398   -1.94544237 
-1.51447116  -1.44458714  -1.86390009 
-1.85629326  0.09266539   -0.66699251 
-2.94295517  1.68452986   -0.23556867 
1.52331965   0.04975486   -1.27085607 
0.79447495   1.50932740   1.00816170  
# New molecule
-1.78876653  0.62712025   -0.36134634 
0.27378999   -1.89389979  -0.21075805 
2.07654911   -2.11207941  -0.92364350 
-0.90096553  -0.87071360  -1.47184579 
2.16900139   -1.50812350  -2.82141196 
1.43109210   1.22487998   -0.46731806 
1.80986239   -0.57885852  0.30267456  
1.01537493   -2.27097117  2.95890626  
-1.05894558  0.48899337   1.54195722  
1.07334848   -0.47036137  -1.53315940 
0.43901228   -2.23675759  -2.13941708 
-1.46750672  -1.17985621  0.46589178  
0.95233306   0.80773095   1.47788773  
-2.00769485  0.53331633   -2.33830100 
-0.32404581  1.88374154   0.27444450  
-0.23949271  1.06263629   -1.59494362 
1.69562208   -2.36126204  1.08738936  
2.04986103   -0.71720065  2.24830242  
0.22533823   -1.07206724  1.58922374  
# New molecule
1.28794691   -0.77104579  1.21271064  
0.09226362   -0.46648535  -1.86456050 
-0.34765548  -2.37005756  -2.02402822 
-0.14609855  1.18030415   -2.92793737 
-0.12917528  0.56148150   1.83131206  
2.61492939   1.47457069   -1.12327672 
1.79026529   -0.29095632  -0.69562930 
-0.49787084  1.86052231   0.29536437  
1.43544479   2.37576886   -2.59420335 
1.71939218   0.36966779   -2.57385243 
1.58886434   -1.68159357  -2.09244401 
-0.67601850  -1.32628546  1.21314512  
0.54555998   -1.81433333  -0.35984486 
1.42910322   1.16977390   0.63981208  
-1.35921583  -1.17871263  -0.70588638 
0.69318572   1.30365506   -1.17355403 
-1.78232650  0.30398472   0.64938615  
-0.57731525  2.67502296   -1.64201360 
-1.26188263  0.82524356   -1.24702403 
# New molecule
-3.02863585  -0.82141508  0.83917838  
0.23988671   -1.97915389  -2.62733972 
0.98516215   -0.21383592  -1.69681464 
0.45420354   -3.61633799  -1.27946445 
-0.57092672  -3.15136342  0.39744232  
-1.36379679  -1.41270587  0.05999523  
1.78778813   -0.85587835  0.18959963  
-1.28298354  -2.61645741  -1.46883537 
-0.80282327  1.69155546   0.57418248  
-1.27520663  -0.07660418  1.49197805  
-2.80876805  -1.21679472  -1.20827837 
-2.05432010  2.31026847   -0.85445628 
0.19556266   -1.50510925  1.26123523  
-1.95674151  0.39298900   -0.35457963 
-0.94734008  -0.65277298  -1.70305400 
-0.46051298  1.25103020   -1.41178729 
-1.64574021  -2.03647727  1.86087702  
0.34869468   -1.77646681  -0.71292256 
1.41765602   -2.88933499  0.45078221  
# New molecule
-1.18427528  2.48470377   1.48717710  
0.64058581   0.92939832   -1.59255530 
-2.22868118  2.18477452   -0.24282859 
-1.34908141  0.63818520   -1.23471707 
1.51898190   1.21792958   0.21029774  
2.39763873   0.38964225   -2.33115112 
1.69925913   -0.56432771  -0.74888459 
3.24781131   0.63754999   -0.53747522 
1.44537993   -0.46204921  1.23168323  
2.20229709   2.13639549   -1.38380767 
0.81195602   2.82263986   1.20122795  
-0.03511330  -0.94122687  -1.69510797 
1.01339815   -2.25645440  1.92883176  
0.43344668   -1.87587258  0.07669440  
-1.61313323  0.64501046   0.82770359  
2.37925331   -2.01282717  0.44835212  
-0.28431896  1.91650933   -0.15422054 
0.15556727   1.01445293   1.65783884  
-0.46291967  -0.90443967  1.65059592  
# New molecule
0.78933312   -0.95994150  -1.53339323 
1.40823018   2.43617298   -2.04098006 
1.21770723   1.51642842   -0.28451179 
-1.15512760  -0.53137162  -1.63861801 
-1.15996533  0.98001351   1.25700125  
2.08994971   0.56492761   -1.87689844 
0.03297443   -2.68563401  1.36682123  
2.00227031   -0.29258609  -0.12200007 
0.16105532   0.90090976   -1.83046951 
2.88088072   -1.61734735  1.09276127  
-2.35344532  -2.03390020  -1.04947583 
-0.54455359  -1.81883030  -0.28369081 
-2.00273074  -0.47574569  0.12478375  
-1.40199220  1.22994302   -0.69397909 
1.36504373   -2.18008992  -0.06437778 
-1.98968832  -2.38563657  0.90113501  
1.04897901   -0.94212388  1.44237584  
0.22735609   -1.70247422  3.08694815  
-0.86715425  -0.94075833  1.60965418  
