# Array shape: (20, 9, 3)
# New molecule
-0.17979399  -0.19283169  1.95016559  
-1.31523177  1.09738813   0.96978004  
-1.45471435  -1.28379094  0.28842034  
-1.77586637  0.34825288   -0.82004014 
1.64005980   -0.26345329  1.11219098  
0.66139418   1.46550024   1.14198452  
0.36764811   -1.76960801  0.87848824  
-0.59271760  -1.10579164  -1.51647329 
1.67612501   0.91059829   -0.50582774 
# New molecule
0.45878629   1.08816627   -1.56318417 
-0.67574052  -0.50659856  -1.80727520 
-1.79753294  -0.86648627  -0.21035016 
-1.47707406  0.48535316   1.19930646  
1.32946247   -1.57278916  0.67021546  
-1.45660693  1.03016675   -0.78409553 
1.36078006   -0.72779374  -1.16695725 
-0.58344134  -1.34336884  1.30625416  
-0.15479581  -1.93192339  -0.56184512 
# New molecule
0.64512621   -1.82872972  -0.02943146 
0.83537782   1.58179950   1.12461151  
-0.84639214  0.69583653   -1.60572585 
0.75264111   1.61772142   -0.86018151 
0.99645648   -0.21457593  -1.63986744 
-0.95303772  1.68689788   0.24252523  
1.93572901   0.26932390   0.06182942  
-0.98824055  -1.26767816  -1.09276214 
-1.17730811  -2.47634812  0.48963279  
# New molecule
1.52476958   -2.07067027  2.24564961  
1.19493280   -1.42728482  -0.71888022 
1.64603034   -0.53255643  0.99424917  
1.11295639   1.37262556   0.94233714  
0.30387953   1.77996909   -0.84218701 
2.58509076   -0.44323994  2.73713012  
1.80544112   0.47705036   -0.70996615 
-0.86123536  1.61651358   0.77378610  
0.07927456   -1.76428613  0.90740788  
# New molecule
1.41410884   1.00750275   0.93548570  
-1.66021992  0.89300992   0.61789676  
0.32448542   -0.36166387  1.91063783  
-0.11084583  1.94050782   -0.06436107 
-0.03842723  2.03226041   -2.04401238 
1.37846991   1.05103862   -1.04001619 
-1.51255801  2.95639117   -1.01382803 
-1.58512208  1.01026074   -1.35012198 
-0.00633399  0.02246098   -1.99744470 
# New molecule
1.66350438   0.69440863   -0.73994451 
1.11798288   2.01821761   -2.19100099 
0.03440867   1.89829822   -0.56555181 
0.20376196   -1.66039069  1.06381627  
1.10993683   1.48567414   1.04323573  
1.75118814   -0.37612213  0.96164803  
0.14771799   0.05364518   2.03867457  
-0.89514864  1.43924976   1.11167276  
1.24663191   -1.38188943  -0.64424368 
# New molecule
-1.75146975  -0.74445061  -1.39564639 
-1.47889396  -2.71914692  -1.25426510 
-0.94088956  1.71577146   0.29300794  
0.85416360   1.35780641   1.13206106  
0.90937858   -1.69013760  0.48412759  
-1.08230078  -1.59927159  0.32905158  
-1.39117713  0.09198585   1.37241339  
0.08384629   -1.46405070  -1.32160775 
-0.74178598  0.95292365   -1.55058606 
# New molecule
0.98738706   -1.86773583  0.45032046  
-1.71027285  0.67396408   0.66089197  
1.57597115   -1.53051126  -1.40127178 
0.30598356   1.83084211   -1.36663804 
0.39932534   -0.05146112  -1.96153945 
0.97994927   -0.31705592  1.69600253  
-0.73434910  -1.28263612  1.28659114  
-1.34094402  0.65737983   -1.31179747 
-1.29601243  2.38767572   -0.33975198 
# New molecule
0.80214568   2.07997109   1.57117567  
-1.81243166  0.39565477   -0.64368826 
-0.82295852  1.69770461   0.53529188  
1.68747250   0.44975874   0.93617072  
0.88825773   -1.32435602  1.22651317  
-0.10862279  0.31142236   1.90489236  
1.68512379   -0.88649658  -0.55490953 
-2.02565222  0.36678035   1.33201123  
-1.07187605  -1.30354616  0.99943465  
# New molecule
0.50074864   -0.41236663  -1.82244634 
-0.22969955  -2.17266671  -2.24097933 
-0.72433644  -1.51954424  1.08142299  
1.81545202   -1.89813091  -1.86700341 
-1.88073524  0.02659454   0.64922772  
-1.29641295  -1.19587371  -0.84869531 
1.90164156   -0.53663719  -0.38218778 
0.49107343   -1.90494470  -0.41412515 
1.22943775   1.24048097   -0.95903682 
# New molecule
-2.52283160  -1.68330113  -0.30494611 
-0.81931254  -1.29741303  -1.21906058 
-1.56926241  -0.75799032  1.15786440  
0.92045964   1.36892692   1.10620443  
1.70557259   0.79037048   -0.63650733 
0.09027009   -0.16510005  2.02174507  
-1.09831986  1.18321690   1.11322455  
1.69787796   -0.48834854  0.90169234  
-1.90282518  0.24186998   -0.50897451 
# New molecule
-0.90914947  -1.69619897  0.49122758  
0.46366805   0.98441316   1.66906105  
-1.08382499  1.56829602   0.53017862  
-1.93749635  -0.08469346  -0.23820206 
0.55752844   -1.00944698  1.64258310  
-0.66326571  -1.20012493  -1.39776554 
-1.20723174  -0.09213009  1.61595311  
1.00901526   -1.64389499  -0.19678206 
1.87455335   0.05210103   0.59678879  
# New molecule
-1.00402046  0.02776693   1.72081706  
1.37185598   -2.44228175  -1.69925495 
-1.94485714  0.41335346   0.00440523  
0.36427651   -1.37438106  1.36175367  
1.62951264   -1.11040610  -0.21104471 
-1.48278233  -0.98620371  -1.33085773 
0.44402671   -0.68740857  -1.79507445 
-0.09395079  -2.04016911  -0.43189122 
-1.67540545  -1.47546480  0.59535491  
# New molecule
1.35404247   -1.29150550  0.64541681  
-2.25598236  0.62953232   -1.41655505 
-0.58733268  -1.45534578  1.17800354  
1.46211000   -0.48244182  -1.20331648 
-1.25280013  1.50547289   0.05062764  
0.04761621   -1.83383204  -0.74588645 
-0.67738183  1.74152843   -1.84606168 
-0.49381008  -0.25696959  -1.86778962 
-1.68995684  -0.94195583  -0.39222427 
# New molecule
1.36188039   0.86744546   1.70063405  
1.86575285   0.63425987   -0.18511635 
-1.53486985  1.24045744   0.04767646  
-0.60079908  0.96795860   1.75814263  
-0.94312355  -2.34816417  1.61648600  
-1.59702055  -0.55979461  1.01224445  
0.37021205   1.90780302   0.29123066  
0.28655804   -0.80261617  1.77724617  
0.47357921   2.59571150   2.15661043  
# New molecule
-1.49201103  0.08989606   -1.26551180 
-2.11636548  -0.74559812  0.44439654  
-0.47685582  0.56492397   1.89753149  
-1.60985113  1.15647786   0.42232111  
-0.75755558  -1.70291396  -0.61985867 
-0.46414124  -1.33756794  1.36481664  
0.79939526   1.60411615   0.77194645  
-0.30312163  1.72124462   -0.92237154 
1.26868133   -0.26094828  1.47940491  
# New molecule
0.63446268   -1.83543248  0.43879897  
-1.04061153  -1.13045820  1.22760116  
-1.90335921  -0.25131267  -0.37522125 
1.94575229   -0.39735003  0.04997407  
-0.62701502  0.24798713   -1.85512198 
0.77754956   -1.12236501  -1.42271273 
-1.27937018  0.83568211   1.22800136  
1.21196210   0.82972555   -1.33865806 
0.83518719   -0.29386122  1.72432090  
# New molecule
-0.19157170  0.84703433   1.75827278  
-1.40272471  0.81519103   -1.11584983 
-0.36022095  -0.75342654  -1.78521278 
-1.64264141  -1.00413087  -0.25513437 
0.13980774   -1.94258678  -0.24113952 
-0.23097734  1.94660222   0.06183590  
-0.31252194  -1.15305815  1.53969958  
0.53652181   1.04561184   -1.57572981 
1.45915102   -0.21069667  1.28460769  
# New molecule
0.02704877   0.18166371   1.96814804  
1.50669096   -1.10919683  2.20980341  
2.60985537   -1.30707877  0.53150070  
-1.12817574  -1.19599918  1.13072934  
1.49093619   -0.75426850  -1.01091505 
1.30702306   1.23480014   -0.84565280 
0.29213251   1.79137330   0.79907896  
0.68737049   -1.73941971  0.54168375  
1.69059036   0.37987977   0.90334112  
# New molecule
0.75283185   -2.26308603  2.21848095  
-0.21452482  -1.87248868  0.53110622  
-1.26342458  -2.11253707  2.16859080  
1.52852209   -0.97899181  0.85835618  
0.00803101   -0.45045328  2.00253919  
-1.39780419  -1.12692678  -0.88211990 
1.19340572   0.95996631   1.26093484  
-0.79996056  1.23290802   1.33150218  
-1.66616649  -0.54355819  0.98979429  
