# Array shape: (200, 9, 3)
# New molecule
1.84357056   -0.45184557  -0.55860399 
0.76802421   -0.37249770  -2.19606414 
-0.88942642  -1.62924894  1.26422897  
1.74645359   -2.05471863  -1.67064581 
-0.14461449  -1.64895369  -0.98259709 
1.44428762   -1.19557389  1.22450814  
-1.04067168  0.18148669   -1.63248093 
1.82423611   0.86302187   0.90387462  
-1.91862977  -0.31461723  0.16568456  
# New molecule
-1.79500981  -0.13852355  -1.27270980 
1.75112586   1.62663532   0.07446472  
1.84100139   1.58831165   -1.90324540 
0.91940694   -1.77275691  -0.67549720 
-0.34068017  1.22816646   -1.48833283 
2.07916329   -2.16108596  0.92411299  
1.81721306   -0.31067845  0.29215543  
0.79658481   0.76556132   1.63928673  
1.04547658   -0.20318438  -1.86650695 
# New molecule
-1.00040129  -0.91444291  -1.41715163 
0.76087059   0.02741519   2.56740110  
-0.92465392  2.39554906   0.61077258  
-1.82504314  0.69166247   0.11437873  
-0.03550523  -1.67801492  1.92095401  
-1.10064579  0.05551348   1.87100844  
0.68380108   1.62201140   1.39754138  
1.50540299   -0.84444770  0.94608092  
0.67465224   1.68556902   -0.71302094 
# New molecule
-2.11464807  -1.42043991  -2.08100782 
-2.24817270  -1.54837843  1.44955146  
-0.25212051  -1.36503377  -1.38003494 
-1.79645005  -0.69543964  -0.26313135 
1.67285418   2.61278138   -1.55576939 
-0.30394578  -1.61530389  1.10087248  
1.90222592   -0.07138702  0.40626390  
0.61509306   1.42206522   -0.58419749 
-1.33388903  -2.60857291  -0.27500846 
# New molecule
1.22767645   -0.40175691  -1.47802643 
0.96571950   -1.77200111  -0.03293997 
1.51639632   1.52426008   -1.86381291 
0.14895014   1.88093387   0.54678122  
1.76061047   -0.29717649  1.00649989  
-1.91940104  -0.45567300  -1.73390802 
-0.34409447  -1.61809800  -1.49609164 
-1.39522270  1.36876345   1.73277850  
-1.11119853  1.09803535   -0.82820822 
# New molecule
-0.00856395  2.32787037   0.70619849  
0.48615381   -0.08572184  -1.89948861 
1.36831450   -0.46028593  1.89903235  
-1.94514745  0.32749902   0.89362063  
-1.88200214  2.13110755   0.08392833  
1.68384969   -1.04814063  0.05408037  
2.05950551   1.22171033   1.06782462  
-0.08924601  -1.94669666  0.25763798  
-0.21041194  0.68900455   1.75153551  
# New molecule
2.02560693   -1.78205410  -1.45106740 
1.46397330   0.51438265   -1.18288592 
2.25997973   -2.49898063  1.81560158  
-0.68786423  1.83545994   0.82414852  
1.17456513   1.87884479   0.24682545  
-1.93643639  0.46966483   0.17464855  
1.92924436   -0.51114701  1.89604573  
1.26414667   -1.55262746  0.35672982  
-0.76139455  1.23185267   -1.28360612 
# New molecule
-1.13678993  -0.97870889  -1.52708932 
-2.07802965  0.23239630   -0.24109611 
1.37632448   1.00425214   0.93134551  
-0.85441955  1.71837828   -0.50070171 
-1.13688404  -0.99295652  2.11555345  
1.33132094   -0.84484340  -1.15279680 
-0.76675807  0.86662510   1.53775843  
0.04199962   0.53553247   -1.87308828 
-1.56135840  -1.57313674  0.28791030  
# New molecule
-0.62119419  -1.74541091  -0.66535561 
1.95821792   -0.04833861  -0.40887923 
0.19551862   -0.47351614  1.89230251  
1.02018761   -1.63885844  0.50061837  
1.17424301   -1.50696807  -1.46913456 
-0.23671424  -0.21684558  -1.94501242 
0.97862804   1.48091182   2.64108023  
1.08195845   1.35249228   0.69439235  
0.83722242   1.33193778   -1.28967035 
# New molecule
-0.89102973  -2.39368859  -2.21089258 
-0.51663541  2.13971588   2.25650175  
-1.63864000  0.98976064   0.41601395  
0.62632686   -2.14713688  -0.87387688 
-0.51999686  0.19545903   1.88234041  
1.81991472   -0.62002906  -0.42968202 
1.41104200   0.36063391   1.31727269  
-1.03181439  -1.11967099  -0.72374966 
1.39380157   1.33549383   -0.43389219 
# New molecule
-1.59736377  0.57450161   -1.01111145 
0.89173064   -1.28171206  1.55845226  
1.45722440   1.23483126   0.47104314  
1.67759211   -0.03962275  -1.05498895 
2.14393692   -1.86917353  -0.41747901 
-2.31183041  -1.28583998  1.89662720  
-0.71221412  -0.10675192  1.81997368  
-1.57726803  1.90612917   0.47491875  
-0.84344382  -1.75369376  0.63213350  
# New molecule
0.81214330   0.33151610   -1.79871535 
-0.69527621  1.62055630   0.60708541  
-1.94892349  -0.47755330  -2.67341152 
0.31882537   2.33280247   -1.21805598 
-1.94245792  0.24443765   1.28529518  
-0.92079109  -0.57735073  -1.28500750 
-2.58184913  -0.80915550  -0.27986506 
1.29909090   1.45074461   1.68687268  
1.13667122   1.08203124   -0.00986174 
# New molecule
-0.43399357  1.74599693   0.79683922  
1.30789905   1.47673647   -0.17244167 
1.58726550   0.02384912   1.17669833  
-1.45334116  -0.57912586  1.67143878  
-1.21618903  -2.49402067  0.69964958  
-1.51426699  0.62026619   -0.44720168 
-1.12601737  -0.69176102  -1.82473226 
-2.11887456  -1.03548001  -0.10467416 
-2.41381714  2.04843052   -0.65520917 
# New molecule
1.64763446   2.23678487   -2.00018697 
-1.16928924  1.87448005   0.49043374  
-0.32315911  1.49112933   -1.25035010 
1.39013895   -1.19693949  0.64745193  
-1.86972657  0.26235430   -0.48431347 
1.49748635   0.75047340   -0.78402271 
-1.00583661  0.12162003   1.32589006  
-2.31692246  -1.04639622  1.10202317  
0.18124325   -1.72258566  -0.90051831 
# New molecule
1.01148509   -1.68168046  2.28153846  
1.31285014   1.05002238   0.58349997  
-1.68142912  0.48944714   -0.86765675 
2.68669393   1.96679085   -0.50346355 
-1.82428793  2.45719849   -0.59421772 
1.83966127   -0.84719656  0.67786695  
-2.66347617  -0.92922361  0.73807049  
0.13148151   0.61133465   -1.85586921 
-1.13588183  0.02853741   1.59640897  
# New molecule
0.91219557   -0.88877928  -1.51418227 
-1.06296632  -0.86651700  -1.48606190 
0.55727344   1.89525710   0.72071973  
-1.86330469  0.56610932   -0.41268192 
2.40182684   2.33270390   1.34109945  
-1.30691410  2.42658232   -0.12371287 
1.95036300   -0.23135801  0.04431706  
0.93183272   0.72178864   -2.65298074 
-0.02282926  1.31763606   -1.03083887 
# New molecule
0.36952057   -1.46751768  1.23749852  
1.21035404   0.71998739   1.32054573  
-0.90867620  -0.86389570  -1.55385282 
0.05874152   0.81626900   -1.89846225 
-0.67266477  1.40137558   1.45405808  
2.10940240   -0.71409014  2.28780677  
2.12784912   -1.24942787  0.37974137  
-1.42091231  -2.05788444  -0.06725734 
1.64588887   -0.03424153  -1.08540134 
# New molecule
1.47303083   0.45878506   1.33300270  
1.78428829   -0.85534316  -0.11077894 
-1.94268456  -0.19963030  0.23548914  
-0.74419192  1.42663377   -1.16078006 
-1.30066975  -0.40942908  -1.64258560 
-0.35133551  0.33365431   2.05566497  
1.64741319   -1.47798195  1.80328443  
0.95954620   1.68813433   -0.12551564 
-1.18077171  1.53450285   0.75700659  
# New molecule
1.21790528   1.48019446   -0.46288991 
-2.58484787  -1.67609750  0.69521975  
-0.39193876  1.09735731   -1.60432628 
-1.05136343  -1.40534177  -1.28296777 
-0.77025922  -1.12478245  0.41412796  
0.78219400   -0.69267860  1.65471431  
-0.62661721  -2.23600526  1.34967123  
0.50145752   1.28579551   1.40487479  
0.91084073   -1.40122263  -1.14875171 
# New molecule
-0.67781589  -1.78811113  0.49576477  
2.02236599   1.98475281   -0.61875309 
1.26526426   0.58242480   2.08685200  
3.03227399   0.34685164   0.39511118  
1.30653776   -1.46161759  0.41695646  
1.23525660   0.46663904   0.24729246  
0.06338398   1.77365188   -0.81155616 
1.70097166   1.38349116   -2.64649286 
1.64375713   0.05435947   -1.25502105 
# New molecule
0.68556004   1.06334912   -1.50132731 
-0.27682191  -2.64307144  -2.18670190 
0.32024591   -0.73850383  -2.25209972 
-1.39624862  0.41763046   2.15435713  
-1.28208976  -1.20786649  -1.23155912 
2.60954312   -1.04152927  1.67120719  
1.46890539   -1.68529753  0.01694971  
-1.75970283  -0.75205086  0.61196987  
1.41838297   -0.03578360  0.62707075  
# New molecule
-0.21500512  1.57979248   1.08591331  
2.23740192   -0.91192599  -1.14655113 
-1.81625858  0.64747842   -0.14342145 
-1.56614182  -1.00608626  1.25311804  
-0.27855452  1.73459383   -0.90144452 
1.79278290   0.29524706   -2.68483651 
1.55037415   0.91572222   -0.79583614 
1.39861658   -0.03482719  0.99505882  
-1.62884432  0.72232840   2.18527123  
# New molecule
-0.20436084  1.55433773   1.62841371  
1.84783651   2.04387406   -0.89009232 
-1.53983661  -1.74685909  -1.19836727 
0.33362333   -1.66325187  0.99250536  
-1.46372683  -0.70167603  1.09272340  
0.11595153   -0.83467221  -1.80122560 
0.44108559   1.11896878   -1.93546122 
1.64856202   1.45577240   0.99149697  
-2.12640728  1.26646348   1.35181422  
# New molecule
1.45133043   0.31599410   1.28503091  
0.89628152   -1.35080285  2.17520898  
1.85398750   1.88562305   2.46816466  
-0.53584728  -1.69006683  0.85118180  
1.37036799   -1.47142389  0.23969916  
-0.46908770  0.06879815   1.89351275  
0.76235684   2.15566039   0.82813703  
1.45230704   1.84111130   -2.38176649 
1.60010946   1.01620073   -0.57382982 
# New molecule
0.68437224   -2.87122699  2.40823166  
-0.62177070  1.62991503   1.32269452  
1.59674307   0.98457511   -0.68461094 
-1.49738672  -0.11882349  1.17801938  
-1.48164168  0.31729435   3.03903016  
1.28080375   1.18836263   1.26143337  
0.13559408   -1.16282256  1.54095379  
-1.57650646  1.09661016   -0.32307585 
-0.04823261  1.99567862   -1.12417342 
# New molecule
1.90315857   -0.20349776  -2.19811230 
-0.02971007  -1.21794662  1.56237294  
0.67504368   2.07496111   -0.17269141 
-1.05181323  2.18364094   -0.69597094 
2.10439468   2.16035075   -1.38465467 
0.30896399   0.99928097   -1.82727933 
1.67532576   -0.28381451  1.29136267  
1.61551638   0.55138646   -0.44602924 
1.33866005   -1.37255265  -0.49445137 
# New molecule
1.28717384   -0.99050348  1.04244792  
-1.96417170  -0.42457060  -1.28431304 
-0.13947862  -0.21567527  -1.98154580 
2.17891645   0.73819202   1.42010734  
0.55684427   1.88091335   1.40952901  
-0.38194998  -1.77306274  -0.71033175 
1.42879962   -1.27671751  -1.44414378 
-1.66024149  -0.84510108  0.60868001  
0.02646649   -1.62876063  2.42883790  
# New molecule
-0.77177279  -2.18498796  1.71866294  
0.63499029   0.33095204   1.82237392  
-0.59661640  -0.06192167  -1.90715411 
-2.16154620  -1.75259339  0.37450430  
-1.24238466  0.84849336   1.24508849  
-1.54384739  -1.75072984  -1.50672028 
1.10070698   1.78593168   0.49349766  
0.92035957   -1.49023866  0.96723469  
0.82246375   1.21072368   -1.37745633 
# New molecule
0.84501331   -1.28250489  2.76149777  
1.44666849   1.26356989   0.35555423  
-1.76658312  0.46309251   -0.74932631 
1.51493944   -0.69459027  0.98148811  
1.47131303   -2.62144932  1.40763485  
-0.04765688  -1.83186780  -0.71929536 
-0.44544495  -0.34352057  -2.00846021 
-0.31839851  1.85247632   -0.53755052 
-0.37526477  -1.58484050  1.21672260  
# New molecule
-1.84171938  2.52261097   -0.59500267 
1.42596623   -1.17999007  -0.71440085 
-2.82350705  2.05560281   1.07230003  
-1.07579097  1.89057776   1.99327164  
-0.02152234  0.17835654   1.94368341  
1.84358667   0.37779553   0.47101220  
0.67446928   1.73543965   -0.58308492 
-1.85912434  0.59222241   -0.18674159 
0.82278577   -1.81042947  1.08610534  
# New molecule
-1.92288340  2.10089875   1.05645820  
-0.07695179  1.65506912   0.51572166  
1.39696935   0.70499017   -1.57858866 
0.05183922   0.43273812   -2.62375881 
1.35504759   -1.62236507  0.33498095  
1.47673273   0.30970250   0.05953325  
-1.15400268  1.94633244   -1.99875089 
-1.03618872  0.16571092   -1.27242124 
-1.50200425  -1.26741395  0.07165502  
# New molecule
-1.00368873  0.83000542   -1.51536981 
0.87235572   2.13886018   0.10404174  
-0.79232855  -1.38730197  -1.37365862 
-1.28250589  -1.28326854  0.57202018  
1.13385628   -1.88638086  -0.47161768 
0.80661158   2.05007108   -2.12130338 
0.87966876   0.77881247   1.57469629  
0.86678057   0.59103025   -1.04821180 
1.45978837   -0.76742245  -2.04858317 
# New molecule
1.42545005   1.13591755   0.71589243  
-0.68559460  1.22984625   1.35431487  
-0.01643822  1.97709178   -0.33712593 
-0.40822016  -1.75383910  0.78923123  
-1.64772390  2.14100954   -1.40596951 
-2.76340078  -1.00031327  -1.72229436 
1.59872357   0.20668592   -1.11080171 
-2.44984517  1.69717748   0.42871484  
-1.81016658  0.10280677   -0.42813565 
# New molecule
-2.30457235  1.91232567   2.17248444  
-0.27978697  0.97604727   -1.71922091 
1.22135884   -1.44911871  -1.81217097 
-1.56817751  1.88357877   -0.50831522 
1.13066728   -0.15924222  1.15486428  
-0.03490798  -1.93069321  -0.35668019 
2.22987505   1.33009570   1.68587679  
1.53730298   0.38331631   -1.14251007 
-0.85355863  1.15922492   1.17271602  
# New molecule
1.28270464   1.41885787   -0.47990766 
-0.59462752  1.89810405   -0.01394553 
1.81367920   -0.07684785  0.74962900  
-1.61513027  0.83334689   -1.34680857 
1.03280562   -1.66211698  -0.22912121 
2.02765466   -0.26568867  -1.23359146 
-1.76302792  -0.79854633  -0.24576989 
-0.03849018  -0.91750761  -1.76181522 
-0.58705828  0.83732829   1.67269322  
# New molecule
1.44184401   2.08869522   -0.85096666 
-2.32398887  -0.84029336  0.16188107  
1.33108567   0.58690456   -2.13107390 
-0.16979958  1.77864345   0.24191984  
-0.31566380  1.59156788   -1.70403571 
1.59748936   1.82921491   1.12373421  
-0.51060350  -0.81994694  0.82532975  
-0.82705036  -1.69694555  -0.91186677 
0.79051679   -2.14057504  0.33383833  
# New molecule
1.46525940   1.59482486   2.01833693  
0.38467485   -1.12443634  -1.53567868 
-0.33619027  1.57273904   1.10809396  
0.03972892   1.32346067   -1.43471461 
1.85451944   -0.44689220  0.41229024  
1.36282483   1.45486928   0.04334911  
-2.59896362  -1.58113494  1.01518816  
-1.75526676  0.15606612   0.69256185  
-0.54883240  -1.57879808  1.00066860  
# New molecule
-1.48094818  0.30529224   1.27169627  
0.06477917   -1.41496125  -1.38621132 
1.61035046   1.13463348   -0.09105291 
1.23840362   0.90556101   1.83912728  
-2.27706864  1.28062323   -2.04552688 
-1.25786640  1.48782041   -0.33757487 
1.93202917   1.60280199   -1.99450035 
1.82610843   -1.98943457  -0.63615328 
1.32715162   -1.06102735  1.64320620  
# New molecule
1.38891203   1.11129347   0.74577837  
2.42845984   -0.16227259  -0.39763651 
0.63940328   -0.17994427  -1.12163035 
-1.78175171  2.44607521   1.30665703  
1.70366206   2.31365934   -0.83881833 
2.06715827   -1.35309810  2.27675834  
1.13481197   -1.46919477  0.53452959  
-0.31509356  -1.87438112  -0.76101417 
-0.57817871  0.89253441   1.63669684  
# New molecule
0.50603641   -1.94768707  0.61407073  
-0.00350929  0.47098173   1.92229839  
2.34306241   -2.28291381  -0.08849163 
1.27752925   2.05806081   -1.99570132 
2.09043256   -2.02818448  1.86507478  
0.29409231   0.45305936   -1.51379305 
-0.37282963  -1.53228192  -1.15636562 
1.52387306   -1.39467272  -1.64668572 
2.17170740   0.39887844   -1.01515417 
# New molecule
1.54812927   1.25170802   1.65759485  
0.27816099   1.39482652   -1.85858509 
1.54004282   -0.61871721  1.05945144  
-1.50477271  1.04563761   0.70184039  
1.51884316   0.42438355   -0.71309105 
1.08066296   -1.53615592  -0.63581252 
-1.39744059  0.54116038   -1.26023053 
0.51232471   -1.96141919  -2.48711748 
0.28125388   1.88725295   0.30028882  
# New molecule
0.58424274   -1.77966117  -0.44098138 
-1.33480027  -1.35802557  0.41019839  
1.85962359   1.79557983   -1.41468068 
-0.03307478  1.90895136   -1.99419380 
-1.62098470  1.70019906   -0.81751515 
1.60952630   0.71802174   0.81695671  
1.08956609   -0.02550932  -1.60521669 
0.26200728   -1.00631759  1.62951553  
2.11087832   -1.72988282  -1.75720861 
# New molecule
2.29708464   2.25776192   -1.32651737 
-1.90293478  1.19602404   -0.77234642 
1.40741341   -1.21830805  1.88442374  
0.21440404   0.38274531   1.89497087  
2.07491478   0.98081756   0.18794594  
0.99548535   0.75674969   -1.49265991 
-0.14537465  1.48540720   0.04772188  
-0.52101063  -1.18436250  -1.46760029 
-1.59561059  0.48612613   1.05977171  
# New molecule
-1.42552435  -0.68237852  -1.12206779 
-0.90668844  -2.18679091  0.09405946  
2.37056279   -0.42421366  -0.61746706 
1.45984527   -0.71854410  1.35493183  
0.03120255   -2.26189243  1.96142419  
0.95629607   -1.73245031  -0.23957083 
-0.86376131  -0.68145234  1.33139397  
0.69907879   -0.44733724  -1.75774375 
1.60253985   1.05139639   0.42601983  
# New molecule
1.07690366   -1.24109670  -1.08125417 
-1.90716203  -1.31366959  1.81480609  
-1.57473735  0.64828102   1.94679408  
-0.41515140  -2.15728523  0.71751137  
-0.56933854  2.11744850   0.88121536  
0.33277337   1.03247984   2.24968311  
1.28628968   -1.19406122  0.91172548  
-2.15780168  1.21091721   0.16289190  
-1.39214429  -0.61156787  0.06002902  
# New molecule
1.65926975   1.43080645   -1.76257871 
-0.17018344  -1.84323600  0.95173618  
-0.02383222  -1.76804143  -0.97902722 
0.15985075   -0.07019186  -1.97602385 
-0.19524737  1.66999877   -1.05916393 
1.59702676   -1.08105576  0.11051217  
-1.08398571  -1.46660994  2.67025146  
-0.91108586  0.22764213   1.70056458  
0.87527366   -0.92493937  2.28891967  
# New molecule
0.20000343   2.38252277   -2.22263628 
1.09320995   -0.29433982  1.58919344  
0.76517436   0.75154063   -1.46686070 
-1.13970805  -1.12214081  -1.27885580 
1.51700700   -1.18260943  -0.24879692 
2.23398521   1.87454634   -2.00463531 
0.66581917   -1.09070106  -2.06808258 
-0.36685450  1.15033842   1.54823527  
-0.45544342  1.90194469   -0.34034494 
# New molecule
-1.86168894  0.16325134   1.38058895  
-0.72469987  -1.41987174  1.54238896  
2.63096628   -0.01723269  -1.94966933 
-1.80869175  2.11625092   1.64556008  
1.21427970   -1.25368957  1.79840015  
0.03815872   0.40009195   1.93892109  
1.42089017   1.46535076   -0.34909720 
0.70649119   0.30825010   -1.78069787 
1.28757571   -1.57404631  -1.77099460 
# New molecule
-1.69890301  0.93974013   0.06100085  
-0.73624579  1.58135541   -1.57453158 
-0.73461436  -1.31074538  -1.25538172 
0.53563651   1.76639580   0.59261952  
-1.48298211  -1.67652621  0.55401027  
-1.16029729  2.20022899   1.50158754  
0.11480956   -0.92846499  1.21266556  
1.23822320   0.01361497   2.17487648  
1.69544067   0.73690468   -0.67062946 
# New molecule
0.54292769   -0.79853005  1.67691416  
0.39616207   0.18166209   -1.95158381 
1.84352789   0.43153064   2.55182451  
1.80637106   1.42348747   -1.31187656 
-1.10106804  0.94396663   2.25427650  
-1.45968146  0.41919241   -1.29496432 
-1.19565627  1.52819172   0.35018630  
-1.03556453  -1.57517983  0.48194292  
0.57589034   1.28547012   1.28660131  
# New molecule
-1.64757849  -0.92516656  0.56347879  
0.97480205   1.33571689   1.05111859  
0.68763594   -1.59042786  -1.25348411 
-0.98819163  1.79725065   1.02748479  
-0.15524077  0.50404430   -2.43089778 
0.11373346   -1.86837983  0.62392473  
-1.15250801  -0.81866326  -1.35719152 
1.65682507   -0.58564532  0.85049408  
-1.05200090  1.38040763   -0.90591882 
# New molecule
1.49196331   -2.39387304  -0.99360199 
0.54198793   2.27468426   0.24554930  
-1.35967043  0.74121472   -1.18456864 
1.82933403   -0.74202672  0.08947153  
1.29481546   1.45296235   1.88341150  
0.74839348   -0.43923755  1.74562359  
0.24965096   -1.91277909  0.47405325  
-0.64142507  0.97407256   1.11274333  
-1.17977714  -0.89830947  1.37549566  
# New molecule
2.07773561   -1.06086247  -1.21108257 
-1.87709304  -2.16648522  -1.73965257 
0.02985594   1.10253166   1.62030625  
0.13628751   1.29864340   -1.54286071 
-1.60323802  0.90051925   -0.68588674 
-0.35582778  -0.99909919  -1.31643509 
0.96347741   -0.97587902  0.38821535  
-1.80385547  0.44012754   1.24172835  
-1.85193445  -0.98893946  -0.09435111 
# New molecule
-1.39192635  2.51749330   -0.62690577 
-1.56319392  0.97306502   0.65587055  
1.07335502   -0.46635500  -1.57656197 
-0.22656101  -1.10270704  1.75349345  
1.65918820   0.88763327   0.56742853  
-1.39230956  -1.20395560  -0.64596981 
1.63006826   -1.80385775  1.92506064  
0.78472005   1.46545827   -1.13920994 
-1.95907758  -1.85078900  1.14327763  
# New molecule
1.20083840   1.79909900   -0.91459852 
1.92412206   0.01453047   -0.38743313 
-0.67866023  1.76534846   -1.50161007 
-0.95180153  -0.20916946  1.65282447  
-1.87805419  -1.83149453  0.95231421  
1.00762125   -1.97092466  0.43884255  
0.60073136   1.39932269   1.19930651  
1.42995520   -0.36886813  1.47899689  
-1.33503213  -0.10644983  -1.45986174 
# New molecule
2.27393449   2.17962942   -1.60543915 
2.26117790   -2.33671497  -0.00440695 
1.09215290   1.71180952   0.15194087  
1.92311933   -0.39041611  0.08472956  
-1.14030309  -1.51515433  -0.58514615 
0.16860732   0.92187240   1.73644274  
1.17625976   0.57449928   -1.42044760 
2.72360638   1.08944598   1.06323392  
1.81825167   -1.01937360  1.93503107  
# New molecule
1.67150257   2.09081956   1.91155355  
1.38078061   -1.23825034  0.67643553  
1.60609545   1.41492569   -0.00213755 
-0.19737727  1.88293683   0.57872984  
-1.24429571  -0.98571512  -1.58250264 
-0.24121700  -0.81655102  1.78481934  
0.04888883   1.30657963   -1.41729691 
1.44069317   2.67291551   -1.56370611 
-1.89022779  0.91300196   -1.35590343 
# New molecule
-0.75372815  1.43835189   0.74894549  
-0.83213555  2.11365624   -1.09101014 
2.23071856   1.23863579   -0.17052714 
-2.21072666  -0.80579141  2.04567176  
-0.64237479  -2.05023932  2.05333949  
-2.47976687  1.35076573   1.37141775  
-1.93136652  -0.26461081  0.18007031  
0.45013107   -0.06459279  1.89429428  
0.76427827   1.00942947   -1.48030228 
# New molecule
1.67862220   -1.60594086  0.98813800  
2.69818280   1.24067367   -0.68109822 
-1.53007532  0.28937132   2.29208357  
-2.06412746  2.64405813   0.41986056  
0.77691134   1.72410970   -0.45818411 
0.19548994   1.12189889   1.78906772  
0.04158131   -0.84446698  1.78519226  
-1.17802269  1.35627896   -0.80044758 
1.71282970   0.36396398   0.80398595  
# New molecule
0.19276993   0.05659543   -2.55513935 
0.90392288   1.01783692   0.77804307  
1.36670690   -1.33842335  0.28987832  
2.51204942   -0.02261417  1.21199265  
-0.50224729  2.21440566   1.43399453  
1.24290323   0.48481347   -0.95194835 
-1.66518696  0.79426121   0.65077256  
-1.68921822  -0.61956766  -0.79753091 
-1.48312295  0.94192141   -1.99859648 
# New molecule
-1.83027960  0.11247285   0.70364558  
0.52822430   1.86451857   -0.07796851 
0.77434603   -2.32631492  1.60311730  
-1.37242461  0.74961223   -1.16647551 
1.69057025   0.42069116   -0.87868587 
1.20687755   -0.09235390  1.52490651  
1.39752388   -1.36819797  -0.02027765 
-0.56916481  -0.91618818  1.90053115  
0.15668557   -0.23388894  -2.04649123 
# New molecule
0.24642841   2.83901451   -0.65734961 
-1.56997926  1.73410854   -0.57237268 
1.41424773   0.92651451   1.73244124  
1.63434321   0.73146568   -0.44450803 
1.49123640   -1.05189739  -1.29520910 
1.81552502   -0.86489878  0.68909560  
-0.16054088  1.59472888   0.77766384  
-0.83728977  -0.36751713  -1.72398292 
-0.23474762  1.70289470   -2.17228105 
# New molecule
-0.03416204  -0.47286826  1.90114777  
0.77140202   1.49458955   0.98721866  
-1.14608046  -1.94308286  1.03397388  
1.24375983   1.60713729   -0.95111210 
0.31036148   -1.95211500  -1.97278487 
0.63102847   0.00460943   -1.90954820 
-2.49456502  0.84340580   -1.79585606 
-0.70378030  1.30341582   -1.13960006 
-1.17819659  -0.65268720  -1.45916421 
# New molecule
-0.94510099  2.18929511   1.96764974  
-1.73298228  -0.59751085  -0.07166429 
1.21680161   -1.31446822  -0.79820341 
-0.97001717  1.69271736   -0.03591039 
1.71517038   -0.24266640  0.82832364  
2.56352628   1.35503917   1.59140054  
-0.77269433  -1.18638191  1.57583153  
-0.01475536  0.59786539   1.34459874  
-0.74388851  -0.05527126  -1.78963910 
# New molecule
0.31692670   -2.12010275  -2.24532963 
-1.72812029  -0.32889631  -0.76812922 
-1.39039854  1.43900730   0.17551572  
-0.16101979  2.69670318   -0.95983680 
1.72537167   -1.51586918  -0.21294468 
1.61610792   1.23524913   0.32228505  
-0.23099333  -1.87667383  -0.37478286 
0.14200795   0.84705465   -0.88918094 
-1.64005277  -1.70812914  -2.17310659 
# New molecule
1.17044710   0.66899312   1.42686119  
1.38638758   0.68653732   -1.16879532 
1.92848406   -1.12251311  1.02617656  
-1.88907622  -0.65357042  1.84310872  
-0.65289103  0.53572631   -1.22572165 
-1.49752623  -0.22971581  0.08014615  
0.88566519   -1.61186303  -0.59689664 
-1.34894862  -1.90600621  0.02894142  
-2.96751187  0.16931975   0.01975582  
# New molecule
-1.63715858  -0.54292409  1.19792330  
-0.35582864  2.04258913   -0.29483351 
2.54810209   -0.40574479  -0.20576204 
1.40617061   1.48374431   -0.92471067 
1.97966282   -0.02450721  1.64494925  
-0.69745645  1.17500092   1.43887493  
-0.27316512  -0.99162873  -1.68056352 
-1.82219613  0.73799375   -0.28144911 
1.54588351   -0.22184558  -1.88409137 
# New molecule
-0.56769816  2.21971689   0.70420333  
0.97984779   1.09088521   1.25184147  
0.55118125   -1.92816455  -0.94650879 
0.22051372   -1.64883997  1.39544919  
1.69035156   2.18207075   -1.22893008 
-0.99571201  0.49610222   1.58652667  
1.46432915   -0.69439905  0.24701042  
-0.14422980  1.48747616   -1.06956050 
-1.14580719  -1.61669594  -0.01263401 
# New molecule
0.00748134   -1.99754962  -1.60040197 
1.23469203   -0.62690439  -0.93642078 
-1.31484646  0.54216022   0.81563002  
-0.66655261  -1.78422667  0.25279986  
0.09488596   1.23311289   -0.99288518 
1.50922925   -1.19128471  0.91928089  
-1.74913706  -1.13723626  -1.83551321 
-0.06008918  -0.08328894  -2.23894714 
-2.45400461  -0.72796602  -0.06239276 
# New molecule
0.67778006   -0.37631115  -1.81564586 
1.23901788   1.36064035   0.72034607  
-0.42253246  -2.04385897  -1.81753933 
-1.59374977  1.45272316   2.20879224  
0.48360317   1.50814951   -1.15073144 
-1.29752102  -0.26855778  -1.43173780 
-0.69568285  1.78833372   0.45474495  
-2.27568011  -1.93148924  0.23975778  
-0.88606116  -1.08029948  1.38983103  
# New molecule
2.05260353   0.94898915   0.41764265  
0.22885771   -1.73489367  -0.92521857 
-0.70346406  1.46207721   -1.14528291 
0.92151196   2.34520128   -0.40926679 
-1.17986878  1.36536825   0.79606501  
1.25895000   -0.65676378  1.31015531  
-0.93560618  -0.38586975  1.74905432  
-0.22847550  -2.02969716  0.96929409  
1.56749236   -2.59083713  1.60431216  
# New molecule
0.45897197   -0.45207444  -1.86765211 
-1.84693743  0.30440742   1.64179615  
-1.46046854  -0.24528791  -1.38485198 
1.83264010   -0.65590556  -0.39464423 
1.90977345   0.88579301   -1.62323221 
1.59464891   -2.07117110  -1.75757195 
1.09976483   -1.56635507  1.20422457  
-1.55065989  -1.17113029  0.35905248  
-1.55969142  1.29099069   -0.04710223 
# New molecule
-1.11118049  -1.53286529  0.37719119  
1.12039428   0.39531782   2.60976944  
1.03960883   -1.17030606  -0.52742225 
1.00021503   0.01889916   0.87737383  
1.18372514   1.34423934   -0.50732667 
-2.38469039  -1.42049725  -1.15226414 
-0.49536880  -1.70409759  -1.55335913 
-0.73444855  0.49400337   -1.40917416 
0.17116547   1.93986941   -1.97264767 
# New molecule
-1.72784919  1.37876548   -1.87258317 
-1.92804583  -0.59446695  -2.05272264 
0.85946642   -2.34920883  -0.07357302 
-1.35994593  -0.98553737  1.48039998  
-1.80487270  -1.56353588  -0.33640845 
-0.18468604  0.27177364   -2.45982395 
1.82873480   -0.67817093  0.37446120  
1.51550124   0.64642291   -1.08105304 
-0.17848261  -1.37951055  -1.42563547 
# New molecule
1.77657464   0.68684792   1.33510345  
1.81022044   -1.28818007  1.54253178  
-1.09957033  -1.16751392  -1.12284701 
-0.46600171  1.12283530   -1.52788269 
-1.81601570  -0.44821118  0.62582412  
-1.26296448  1.46573749   0.28689539  
-2.27122380  0.43162236   -1.08971807 
1.90565799   -0.36988786  -0.31919122 
1.11659185   1.55421439   -0.34609954 
# New molecule
0.84820117   0.47860201   1.70253648  
0.30246419   -2.01480135  -1.66834794 
0.92228471   -0.14284327  -1.86936621 
2.15475949   0.66808138   -0.54847919 
-1.77768327  -2.19858433  1.21179854  
-0.09088038  -1.80841700  0.25555754  
-1.07119829  -0.57647524  -1.59819330 
-1.85806235  -0.45194107  0.27232823  
-1.00639580  1.24754586   1.46292564  
# New molecule
0.84318655   0.09192173   -2.18345948 
-1.79601957  -1.31517010  0.09030850  
1.58816616   -1.78947853  -2.57807300 
-2.69330687  0.67522265   -0.45385779 
-0.19694540  1.57723322   1.79432634  
-1.58923309  0.34517101   1.15533590  
0.16786639   1.96010623   -0.12218154 
1.17280147   -1.23178729  -0.76896087 
-0.42782208  -1.40606426  -1.88892139 
# New molecule
-0.59799057  -2.01449267  -0.14023287 
1.17630169   -1.38198091  0.35975494  
0.21540299   -2.04908836  1.92226592  
-0.22109425  1.63696597   -1.93249824 
-0.74281858  1.87020725   -0.01276949 
0.83124697   1.90608503   1.42806657  
-1.55276550  -1.33348201  1.42736713  
1.14726637   1.61201860   -0.50026231 
-1.23904056  0.61167045   1.41792083  
# New molecule
-1.69057973  -1.39888376  -1.80285344 
-0.06615544  1.14953767   -2.02852038 
-0.81369487  2.11980993   -0.46215532 
-1.42818524  -1.28729756  0.18283190  
-1.63422357  0.40310264   -0.99728444 
1.09421268   1.57909894   -0.44177223 
-1.43049585  0.85994677   0.96533287  
0.39251076   0.05791462   1.78686159  
0.31904003   -1.91296495  1.68293146  
# New molecule
0.72384809   -0.90154041  -1.70181767 
-0.93783963  1.01972762   -1.07730168 
-2.84744147  1.05768334   -1.62616562 
2.09971346   -1.86110414  1.63399463  
1.59970793   0.66067708   -0.93827766 
0.18655256   -1.41706859  1.34695111  
-0.93017948  -1.94112467  -1.65984513 
1.96866489   2.56781749   -0.75369041 
2.04787750   -1.15572525  -0.23197883 
# New molecule
0.81618485   -1.12430313  -2.46162513 
0.79368522   -1.54416459  -0.55346252 
1.89511272   -1.26494921  1.05318819  
-1.09524580  0.11816063   -1.60049778 
-1.25664267  0.91075789   1.19607805  
-0.89524792  -0.86579731  2.08601838  
1.39361402   0.90859246   -0.98257154 
-0.56157701  1.77688556   -0.53814615 
-1.23539202  -2.11991337  0.59169606  
# New molecule
0.46086945   -1.59748364  -1.20929698 
0.58429194   -2.16945588  0.67455237  
-1.45999278  0.83753238   -0.95568587 
1.83175185   -0.76767035  -0.05002591 
-1.61321629  -0.95607238  0.52037644  
-0.66297856  2.66726295   1.91732099  
-1.40123885  -1.07641491  -1.48172052 
-1.25430173  0.92296425   1.16000271  
0.45303709   1.48324737   -1.19500052 
# New molecule
-1.76388635  1.79226807   2.25002991  
-0.05939236  -1.97913662  -1.96076706 
0.26295271   -0.62519728  1.82693574  
-1.49665643  0.13429954   1.23529378  
-0.32066233  1.76764547   0.74507458  
1.39268507   -1.03889583  -0.96324450 
-2.24187296  1.76169899   0.31036287  
1.25483184   1.13476839   1.74201530  
0.05043761   -1.94452162  0.20933355  
# New molecule
-0.95364339  0.60037112   -1.98469269 
1.82959417   0.69096757   0.24630204  
0.62989468   1.47548508   -1.14490600 
-1.19602935  -0.73472615  1.38073895  
-2.33761375  -0.85671238  -2.21069536 
-0.31360274  1.07493135   1.59895680  
1.84305146   -0.88524021  -0.97010962 
1.52584351   -1.93896080  0.67548314  
-1.89598652  -0.13653138  -0.41479529 
# New molecule
-0.10063202  0.47321575   -1.92651884 
1.75097323   -1.75794351  -2.13259803 
-1.86839679  -2.50440339  2.04063546  
1.16855904   -1.59185860  -0.21290278 
2.07973766   -0.07646486  -1.13744141 
1.27629671   1.72079512   -1.28789838 
-1.47919925  -1.14052882  0.63966624  
-0.15361737  -1.46947256  -1.67595999 
-1.73663572  -0.40654906  -1.17716669 
# New molecule
1.22288749   -0.73877323  -1.33868918 
1.37470840   1.20666082   -1.68956820 
1.34533291   0.90173807   0.24700444  
-0.49541649  0.95623187   1.33900738  
1.18197219   1.84756084   1.93737211  
-2.22605474  1.37616640   1.63117039  
2.95342744   0.89359174   0.69080690  
-0.63174755  2.76754277   1.77979733  
-1.56846677  -1.16974177  0.21579880  
# New molecule
1.61925755   -1.56209875  0.74513187  
0.62858697   -1.59196619  2.46073144  
-0.67373560  2.34056888   0.66975684  
1.56294140   0.98150563   -0.61280360 
-0.84291486  -0.52834838  1.67901385  
-1.78276619  0.72182379   0.45516113  
0.60167985   0.95739502   1.23971118  
0.31167985   2.43843737   -1.21633097 
1.29770164   -0.97934987  -1.11798596 
# New molecule
-1.30960456  0.51781204   -1.41172726 
1.61088669   -0.17939724  1.09667987  
-2.29482868  -1.61085007  0.08168670  
-0.45438335  -1.69463967  0.84323502  
-0.95955299  -1.40914352  -1.36591864 
2.08303167   0.85020853   -0.53722298 
-0.97219762  2.25343179   -0.52774373 
1.79101844   -2.34574864  -0.38411253 
1.17207003   -0.73829650  -1.35736072 
# New molecule
-2.00985681  -1.09939392  1.15637915  
0.62870235   0.29166283   -1.97273837 
0.87543058   -2.44552691  -1.12404126 
-1.09640820  -1.21803620  -1.77320448 
1.91081016   0.56377997   -0.48891817 
-0.50429890  -1.68761205  0.03336062  
-1.33719186  1.25810041   0.64013984  
-1.01741769  1.38570486   -2.00331213 
0.40969047   1.84455474   -0.71207511 
# New molecule
1.50602416   1.21871969   -0.16867936 
2.75177105   -0.05912139  -1.04158984 
-0.94699292  -0.35339319  1.97323351  
0.90763229   0.16414809   1.43376375  
0.10933150   1.29720061   -1.64139902 
-0.98299534  1.16701517   0.75227429  
-2.46206902  0.01794363   0.20009270  
0.07539531   -1.71119655  1.00381332  
1.81535588   -1.07884987  0.35676416  
# New molecule
2.05562700   -0.65732601  0.29167694  
-1.66244676  0.60117211   0.86911425  
1.74417026   -1.36479075  2.08312155  
1.02491553   0.46904655   1.59184497  
-0.20258784  -1.26406506  2.14234165  
-1.93589120  -1.33070519  1.22487781  
0.28763903   -1.19373253  -1.54088908 
1.48108779   0.38794231   -1.27422940 
0.32736372   -1.88677757  0.34517489  
# New molecule
0.98411570   -1.89229463  -0.91266956 
-1.26042866  1.38291383   0.62902314  
-0.93412442  -1.67100908  -0.57592830 
-0.94654419  -2.36777806  2.23150513  
-2.02833494  2.60638110   -0.74980249 
-1.81440406  -1.02031712  1.04975489  
0.38854480   -1.64365160  0.96210141  
1.55291953   -0.23934566  -1.82796801 
1.90384175   -0.49415353  0.13972626  
# New molecule
1.60384508   1.21881707   1.48822256  
-2.04195759  1.99099537   -1.26706052 
-1.44931264  -1.46983163  -0.85399993 
-1.11858691  -1.14703705  1.11288219  
1.24634580   0.61629807   -1.49410323 
-1.17364502  1.60164593   0.48494131  
0.90986960   -0.65642862  1.59926245  
1.29309073   -1.88111354  -1.68449326 
1.86618190   -0.70672446  -0.16949705 
# New molecule
2.23559763   -0.74041858  -0.41439435 
1.21963401   0.66201295   -1.37302609 
0.49515902   -1.22586827  -1.19492260 
1.76825894   -2.52217448  -1.74424927 
2.08755830   1.17709542   0.35738487  
1.13356900   -1.02514425  1.19809335  
0.37062324   1.27337207   1.46003988  
-1.31310658  -0.17351038  -1.40873943 
-0.78862982  1.72236023   -0.15532819 
# New molecule
-1.27599396  1.31540106   0.04141345  
-1.30453755  0.35658138   -1.65266937 
2.00819014   0.00520539   -0.82228713 
0.56731606   1.33160027   -0.83703068 
-2.15289275  -0.42333163  0.34242410  
0.45983331   1.63370847   1.01080629  
2.02634208   0.46401982   1.08773240  
-0.92160614  2.27850792   -1.82547207 
-1.97479868  -1.46881498  -1.35633013 
# New molecule
1.86774508   0.38253581   0.44870165  
0.43561330   1.87583616   0.07149368  
-1.13554239  -1.21148063  -0.56497327 
-1.18133476  0.50076345   0.92036840  
-0.56142242  0.53724857   -1.76732151 
1.36588514   0.87669954   -1.38447152 
-0.92589435  -0.61372886  2.50460493  
1.76721342   -1.02926816  -1.09858934 
-1.80160402  -1.75434035  1.06112188  
# New molecule
1.22951294   -1.43295857  -0.49127144 
-1.66561671  0.86219932   0.54967402  
0.62087085   0.54431034   1.76361746  
-0.95517404  -0.66080394  1.62665694  
0.93859892   2.43393336   -1.64433160 
1.30665102   0.48581194   -1.43808561 
0.01681299   1.93152277   0.04721144  
-0.66802132  -1.86865901  0.06188516  
-0.73132793  1.97190384   1.88617000  
# New molecule
1.64146760   -0.56725573  -0.87349355 
1.12030589   -2.17797814  -1.92612526 
1.51592509   0.36397540   1.95776775  
2.06241555   -2.38492718  -0.17504290 
0.86315917   1.27187952   -1.21012369 
-0.58001572  2.05709576   -2.32272492 
0.13775217   -1.95247776  0.04792982  
1.78761468   1.68178808   0.50763242  
-1.42419805  0.70911629   -1.14250842 
# New molecule
0.61938333   -1.61207345  -2.51426953 
0.70628603   0.71046942   -1.69284990 
0.13508870   -1.85870712  1.30508059  
-0.40394005  1.91199313   -0.12750120 
-1.20764079  -1.58771243  -0.16787829 
-0.84459677  -0.51181565  -1.79119016 
-1.13418404  1.44163027   -1.90492888 
0.70505159   -1.83963623  -0.57318271 
1.91630974   -0.29202419  -0.47591520 
# New molecule
0.78094215   0.97714429   1.52933120  
0.67591937   -1.48449421  0.37527509  
-1.61586731  -2.59417969  -0.80181920 
-1.33071402  0.61214851   -1.31006180 
-2.22667741  -1.05598993  -1.88115666 
3.08783989   0.66618003   0.29129218  
-1.91918767  -0.96317154  0.72469302  
-1.01606754  0.23509577   2.03048799  
1.55828660   0.17642037   -0.12247622 
# New molecule
-0.61335473  -0.02259988  1.76186604  
1.51228000   -1.02485887  0.67335367  
0.44890028   1.59426665   1.03290099  
2.86134865   1.58898404   -0.88828511 
-1.31518831  1.42510482   0.10426635  
0.02619324   -1.89192528  -0.43917780 
0.87582561   1.45585397   -0.95451052 
-1.57107624  -1.42036676  0.73904308  
0.20625317   -1.80332816  1.94028410  
# New molecule
-1.58151246  -0.65925942  1.58815540  
2.26082960   -1.68554389  -1.92153872 
0.21159508   -0.15124739  1.07937785  
0.75723390   -0.90095391  2.19973109  
-0.31562751  1.92204829   0.05584060  
-1.47314629  -1.21066477  -0.32412143 
1.65646446   -2.11629573  0.88664036  
1.89887015   -0.31569658  0.18833865  
0.53101909   -1.53732963  -0.98877682 
# New molecule
1.25765149   -1.60068317  2.21934497  
1.77883500   -0.09631234  -0.82940568 
1.02189934   0.36415660   2.34773696  
-1.63230141  1.76424318   -0.48878690 
0.23718382   -1.24307295  -1.51338506 
-1.85073063  -0.13113087  -0.01875474 
1.09630636   -1.63517517  0.24432144  
1.65858454   1.62382026   0.97368725  
-0.66704358  1.04470736   1.48995440  
# New molecule
1.18923620   1.03966167   -1.16739756 
-0.58850328  2.36014607   -1.45852085 
-0.28010432  1.20944581   1.51376383  
-0.63269947  0.42367138   -1.77905641 
-2.16720819  1.61435529   0.96108450  
-1.93483511  0.03310803   -0.21851664 
1.72905403   0.97910125   0.87292940  
-0.86321699  -1.55435296  -0.81697932 
0.53723756   2.35000865   0.13591955  
# New molecule
0.42901972   1.72841970   0.84684797  
-1.12139870  -1.61530893  0.16259704  
-0.64683117  0.38982999   1.79584486  
-0.07809522  -1.29195946  -1.50927954 
-1.93803508  0.18690895   0.13185333  
1.35229621   0.07796130   1.82170623  
-1.80648036  1.93893383   1.01093183  
1.91749262   -1.17273209  -1.45422337 
-0.96361361  0.49189776   -1.63208556 
# New molecule
-0.52256780  0.89388421   -2.53773146 
-0.79496798  1.39463125   2.70715044  
0.22274523   0.05549623   1.76682990  
-1.66208465  0.88677806   -0.90236633 
1.05371713   1.55953757   0.83747719  
0.10386173   1.77009267   -0.87023745 
-0.78550356  -1.09184739  2.85649984  
2.19003937   1.90577130   2.43681848  
-1.55054840  -1.07271614  -0.63587858 
# New molecule
-1.35559789  0.69656222   -1.24893988 
-0.63879951  2.51829944   -0.90653278 
-0.12517361  1.74403865   0.85171365  
-2.21400404  -1.08376371  -2.67942995 
1.83481469   1.24216360   0.88555001  
-0.85131717  -1.46633745  0.97145586  
1.03366160   1.45338434   -0.82385929 
-1.89436275  -1.13915830  -0.71414774 
0.63611280   0.04924964   1.70309637  
# New molecule
-0.61426972  1.83460618   0.49083552  
-0.79535807  1.55179749   -1.95903780 
-1.45864033  -1.33332375  -0.24137966 
1.00998244   0.17489288   1.82882324  
1.74832780   0.85358153   -0.03915176 
0.45173617   -1.85269321  -0.53137161 
-1.74956929  0.62112925   -0.51393740 
-0.29382428  1.55545351   2.37776488  
1.25302764   2.14921931   1.33861774  
# New molecule
-0.01836043  -1.79088627  0.85939484  
1.51577432   -0.52532557  1.11710967  
-1.89726433  -2.37279710  0.62699995  
0.34347424   -1.02334411  2.66552369  
-1.69731110  -0.95301326  -0.75021055 
1.86662790   -0.05121694  -1.45783482 
1.84554831   -2.04599436  -1.48164035 
0.24338756   -0.98878192  -0.92225020 
1.89649528   1.88604067   -1.90613765 
# New molecule
0.37668843   1.46949787   -1.17074520 
2.21266906   0.75237455   -0.82225073 
1.70712724   2.18807479   -2.39975928 
-1.66662106  1.03549713   0.04895371  
-0.23432244  -0.36734331  -1.90375280 
-1.42372824  1.20936779   -1.89511791 
-1.94835474  -0.69958630  -0.90766503 
1.90125544   -1.32780854  -0.17775151 
0.48384171   -1.48748350  1.22269793  
# New molecule
0.12487543   -2.74099209  0.69357268  
0.55667214   0.99607609   -1.50828490 
2.07862708   -0.22835434  -0.97315019 
-1.09411291  -1.22743277  1.04659691  
1.01071079   -1.16000381  0.35014230  
-1.74049539  1.08041595   -0.50516314 
1.57164861   -0.26077249  -2.88293686 
-0.20633499  2.26958095   -0.17456989 
2.32467554   -1.34881490  1.29991755  
# New molecule
0.56976056   -2.12932278  2.27544908  
1.62750763   1.11539698   -0.02071240 
-0.16936097  -1.69571173  -1.16797856 
1.93569946   1.88447633   1.79600702  
-0.94105710  0.94400368   -0.68950362 
-1.77000967  -0.17871955  -2.03975567 
-2.51709051  -1.77360735  0.24414578  
-0.62193742  -1.64218886  0.76291342  
-2.28845765  1.88444765   -1.58186267 
# New molecule
2.66924478   -1.10566995  1.60401313  
-0.74010618  -1.29328777  -1.32973306 
-1.93792880  0.04588738   -0.49114469 
1.19912745   -1.25472645  -1.75783933 
0.72726022   -1.26712852  1.18143264  
0.36002599   1.76719148   0.89188962  
1.80053079   0.43711299   0.68996253  
-1.59202488  1.52318311   0.76465146  
-2.19835083  -0.42385549  -2.40396323 
# New molecule
0.89191930   2.10914615   -1.61364090 
1.76165306   -0.78083932  -0.21933026 
0.92624231   1.44661771   0.11809351  
-0.89260493  -0.80048211  -2.23354890 
-0.88750183  1.39007905   -0.98032747 
0.48712844   -1.38726944  1.25792845  
-1.22569490  0.45490326   1.29058503  
0.79515594   0.11472808   -1.74270082 
0.07659212   -1.77052342  -0.76630779 
# New molecule
0.37231147   0.91616230   -1.69935878 
0.16676115   1.94715963   0.04840833  
-2.49806396  2.29344763   1.80421419  
-0.18754372  -0.02395613  1.91841577  
-1.52475966  -1.00621563  0.76775245  
-1.37854615  1.69290184   -1.17390638 
-1.50917626  0.99071891   0.69254977  
0.33932516   -1.71790229  0.89707097  
1.55998946   0.74909916   0.87473347  
# New molecule
-0.60946049  -1.86433702  0.32717812  
0.24325110   -0.40390677  -3.10367277 
-0.05749566  0.98336675   -1.70851621 
-2.29262265  -2.04301402  -1.55330114 
1.22494476   -0.12486364  1.55202350  
-1.31606329  1.36872700   1.54352133  
-0.69689870  -0.92937869  -1.42891701 
-0.71087058  -0.50964825  1.79539112  
1.04921533   2.61800251   -2.02677624 
# New molecule
1.01014150   1.25844820   1.10372004  
1.89276618   -2.23079527  -1.25398642 
-2.09237288  0.64218784   0.34236753  
2.35943125   -0.50080333  -2.12788746 
-1.11702599  0.68855316   -1.44556229 
1.55689315   0.77717496   -0.83127747 
-0.59524371  1.90667192   0.06528103  
-1.55591466  -1.04949177  -0.58661060 
0.45393980   -0.90774462  -1.67456315 
# New molecule
1.01679911   -1.51551034  -0.71221829 
-0.00279263  -2.10014114  0.87078203  
-0.17187651  1.51336692   -2.00675758 
1.47064192   -1.05513458  1.63296544  
-1.43026993  -1.30922027  -0.21428449 
1.25011405   0.88518163   1.26197133  
-2.04280470  1.28990132   -1.40372979 
-1.74972506  2.44023832   0.19498346  
-0.24186003  -0.47174926  -1.89436975 
# New molecule
1.33818936   -1.44796148  0.12931442  
0.94918382   0.80980789   0.98648336  
2.43173503   1.69059002   1.03786959  
-0.70316299  -1.11249504  -1.43502619 
-0.21585075  2.16376485   0.16250478  
-1.46396695  -0.80771777  0.73538219  
1.23559336   1.42870144   -0.92752505 
2.22819907   -0.48830212  1.65324102  
-1.59374977  1.80936172   1.52411615  
# New molecule
-1.26112595  0.79287471   0.78576679  
0.54115893   -1.69163715  -0.83151495 
-2.31504124  -0.84444794  0.90587811  
-0.45951485  -1.63362326  0.97211562  
-0.46265941  1.67024027   -0.89093831 
-1.32321778  0.55908329   -2.31097184 
-2.38707713  0.84001151   -0.70411018 
-1.41612213  -1.38892323  -0.75022233 
0.52934948   0.07467041   -1.86697052 
# New molecule
1.35218848   0.70775877   0.96951664  
2.26963596   -0.51740304  2.08247677  
0.13986443   1.22312017   -1.02628459 
-0.43669978  2.40865812   -2.00882985 
-1.24461036  -0.28557044  -1.31466796 
1.83495779   0.35198592   -1.28570537 
0.35419697   -1.48079676  -1.29628625 
1.58187677   2.30091062   -1.76073384 
0.24086709   0.04701841   -2.58207276 
# New molecule
0.42359853   1.94077425   0.05115448  
0.69633777   0.01419442   -1.83081508 
1.90154584   0.18345081   -0.20805779 
0.11444149   0.46688191   1.30855948  
2.54829210   0.70956086   -2.01505363 
-1.16096002  2.84220136   -0.89237136 
1.00391918   1.96834056   -1.81032528 
-1.45933461  1.25991353   0.25958071  
-0.62831661  -0.74294746  2.18105178  
# New molecule
2.10383822   -0.32918417  -2.28926300 
1.73349538   1.54662431   1.86203644  
0.69725910   -0.13810913  1.82072559  
-0.09711556  1.60427678   1.11953861  
2.00750610   -1.12633804  0.68345402  
1.84851964   0.45740328   -0.46870283 
-1.76725705  0.82852771   0.34061039  
-1.14540795  0.48599671   -1.53780196 
0.14952322   -1.79841844  0.81588566  
# New molecule
-1.83409890  -0.02575003  1.46155340  
0.61408079   -0.58425575  1.77427120  
-2.32718866  -1.10404895  -1.83818994 
-1.79361626  1.89467266   1.14042776  
-1.19976333  1.42366112   2.88565400  
-1.89129622  1.40273348   -1.72858227 
-1.01228056  0.24346199   -2.41094801 
-2.47706086  1.47069336   -0.25600291 
1.68362700   1.03575343   0.00621179  
# New molecule
-2.33932091  2.34996868   1.15767162  
-0.16348125  -1.64714724  -1.09127318 
0.68751321   2.17990887   0.21910389  
-1.81477435  0.16036891   -1.32480102 
-2.38641792  0.35325911   1.83951304  
0.05769282   0.09404737   -2.01209254 
1.11016646   0.74786981   1.51282334  
-0.78283066  1.23275439   1.14368537  
-0.63968624  1.73276227   -1.14753650 
# New molecule
1.62602928   0.53006815   -0.97154819 
0.67664966   1.85675061   0.11860048  
-2.13851967  0.68419875   -0.93908168 
1.74222596   -0.72398083  0.59663817  
0.20078863   2.40509674   1.94568790  
-1.25661381  2.03816910   0.19230768  
-0.32111255  0.76187719   -1.74973166 
-1.61962776  1.66738380   2.09995831  
0.73147520   0.48694823   1.82053583  
# New molecule
-1.66130669  -1.14210256  0.08433808  
0.07522866   0.89068844   1.72786994  
1.84188624   1.75399464   1.94046768  
-1.91195833  0.75982385   1.57532832  
-1.61266480  -1.12490628  2.06576851  
0.15829695   -1.77737185  1.48130248  
-0.36014480  -1.37862878  -1.39854242 
1.32410829   -1.61982510  -0.37463288 
1.79048434   0.00507007   0.77710463  
# New molecule
-1.62224100  0.16980873   -1.41374743 
0.85086977   -1.34075659  1.17143049  
0.04581121   -1.86956272  -0.62240319 
2.12344566   1.24861147   2.24123258  
-1.92954422  0.05921334   0.54461834  
-1.10055172  -1.66631701  0.98173924  
1.74370550   1.82822961   -1.32931589 
1.12659039   1.52883481   0.54177369  
-1.83031486  1.83263639   -0.32810126 
# New molecule
-0.87647044  0.06275002   -1.73930362 
-1.87665953  0.49442143   0.16524902  
-1.83120878  -1.62491397  -1.43855385 
-2.13215184  -1.43320662  0.51853364  
-0.55203518  1.73792047   -0.74148817 
2.66812168   -1.05513127  -1.42820372 
1.42810627   -2.45637505  -0.82357497 
1.12057523   0.05869671   -1.36302267 
-0.34247285  -1.91489010  -0.17022677 
# New molecule
-1.16819011  1.93922288   -2.79252436 
1.69853416   -0.42627832  0.50674005  
0.77772851   -0.24867715  2.16749817  
1.12587162   0.72195218   -1.15385269 
0.49219623   2.37297187   -1.79509527 
1.78116106   -0.61366519  -2.15335188 
-1.77586064  -0.88451091  0.08310229  
0.42110648   1.83614282   0.17953359  
2.66991055   -1.40274920  -0.70596542 
# New molecule
-0.96913375  1.10952962   -1.29125045 
-2.84748476  -0.88560382  1.89194898  
1.53699895   -0.72874592  -1.00813268 
-1.44101564  -1.35128706  0.21800239  
0.23337794   -0.49911037  1.90421318  
-1.44863023  0.34513471   1.24397442  
0.43471946   1.43847590   1.60069352  
-1.15452708  -1.86983902  2.10557433  
1.04381995   1.20945805   -1.15864217 
# New molecule
-1.13389541  -1.38261156  -0.17451110 
-0.26717794  -1.04903727  1.61953166  
0.13845904   -0.67424340  -1.81541587 
-1.33499268  1.12416133   -0.91672055 
0.90506794   0.59612565   1.62445867  
-1.83129997  -0.57407895  -1.83727827 
0.69865944   1.81256238   0.01074714  
-1.45826600  0.78060860   1.03596968  
-2.83614758  -1.97604879  -0.45081458 
# New molecule
-1.90375306  1.56185531   -1.22731783 
1.99523987   1.61621931   0.26615715  
-1.22392712  -0.36763645  1.47072080  
1.07145421   -1.30264200  -1.16197023 
0.40873193   -1.77108733  0.68300607  
1.59414972   -0.15042528  1.10470061  
-0.48620714  -2.04585184  -2.12299687 
-0.84573877  -0.00146628  -1.85602127 
-1.88580455  -1.37209051  -0.90258772 
# New molecule
1.04969746   -1.16779857  -2.04658338 
-1.49780021  -1.30215239  0.08342609  
-0.21033280  -2.27799103  -1.06513246 
-1.61165331  2.65029284   -0.61228331 
-0.26929262  2.55107128   -2.16900296 
0.55668701   0.71164165   -2.00196656 
-1.26657674  -0.63509814  -1.76885602 
0.04999052   1.72656964   -0.43014786 
-1.79219827  0.67343053   -0.35594885 
# New molecule
0.48718603   -1.56118942  -1.57936847 
-0.44353478  -1.31932037  1.35592073  
1.28374957   -1.46148577  0.23765543  
-0.96139695  0.78776772   1.50948590  
-1.35173048  1.44201407   -0.35285421 
-0.44942620  0.16897019   -1.56315724 
2.39526454   1.93069251   -2.05641463 
0.65086878   1.47502243   -1.99404911 
1.82110608   -0.11156811  -1.81153881 
# New molecule
-1.42209790  -1.17980160  -2.38045984 
-1.76762119  -0.63074730  -0.52002704 
-0.16290042  0.77751391   -1.78667432 
1.25439684   1.45856864   0.33803221  
-1.91091622  1.27624435   -1.01053323 
1.27393683   -1.39666223  0.49629054  
0.47232931   -1.06985335  -1.78814546 
-1.21222938  1.61466545   0.81471771  
1.93815036   0.49078641   -1.27690050 
# New molecule
0.92323073   0.09716225   -1.75207349 
-2.67401231  2.43710345   -0.31221425 
-1.07476596  2.27909279   1.40571645  
1.83507066   0.77623131   -0.12356408 
0.62458401   -0.38488010  1.81340206  
-1.08312755  1.38895125   -0.33258708 
0.70611440   2.00154589   -1.19273168 
2.31262307   -0.83995146  0.88160894  
0.87843808   1.76829140   1.28066529  
# New molecule
-1.32325494  0.44883398   1.60795552  
0.51534280   -0.50365124  -1.85644141 
0.77142869   1.35685393   -1.16434118 
2.49452208   -0.62357606  -1.66053703 
0.64759422   0.76097895   1.68726770  
-0.46804989  -1.32516141  1.37755538  
-0.52352003  1.71067147   0.35334550  
-2.42060798  1.86829064   0.31638514  
-1.20790515  0.41106529   -1.46050224 
# New molecule
1.96000258   0.23516768   -0.20927678 
1.32779732   1.73076735   0.90545085  
-0.76840374  1.41189433   -1.21513405 
-0.65023396  -1.45631768  1.18970150  
0.85267712   -0.45152368  -1.71755889 
1.99092708   2.13481424   -0.93063026 
-0.63387242  1.64729768   0.84593436  
-1.96400609  1.96581174   2.29306538  
1.30693080   -1.35054100  1.54880934  
# New molecule
-0.44103941  -0.86096579  -1.68214561 
-1.51500336  1.59326477   0.34647434  
1.18480389   1.56131689   -0.24936362 
1.10956833   -1.54391724  2.04289071  
1.75900304   -0.26169954  -0.81147320 
0.47069422   1.97619741   1.55326370  
1.46481055   0.23969354   1.25138997  
-1.94607550  0.44977365   -1.22760072 
0.83504664   -1.76482514  0.08258353  
# New molecule
0.25071539   0.24452616   1.92850412  
1.98757879   -1.66620785  -0.48552747 
0.57861553   -2.35826333  0.68866919  
0.15757291   -2.26841206  -1.29615841 
0.95278812   -0.48830249  -1.67178126 
0.68680393   1.43388308   -1.16113254 
-0.92376977  1.58253589   0.81526991  
-1.71182651  0.04166569   1.78009422  
-1.31258633  -1.42359345  -0.25862860 
# New molecule
-0.27168736  -1.66558307  -0.56382184 
1.34719875   1.28719760   -0.58403161 
-1.85057918  -0.38551504  -0.47560363 
0.69237742   1.31772537   1.31199452  
0.31876046   -1.12456707  -2.36590155 
1.76815239   -0.27675790  0.78537400  
-0.17677639  0.70360437   -1.80257017 
0.76242998   -1.65453689  1.87190477  
-2.13553178  0.70445942   -2.10953534 
# New molecule
-2.00307246  -2.12847925  -0.67964131 
1.10507718   1.52874495   0.69500190  
-1.11774094  -1.33627397  0.89797248  
-0.66609165  0.04076686   -1.82587091 
-0.05476285  -1.67240499  -0.81531519 
-1.97807076  1.51349595   -1.49229752 
-0.13303236  1.78342472   -0.83351340 
1.60586431   -0.34446368  1.12320105  
-1.16173724  -1.78458484  -2.43302186 
# New molecule
-1.48364758  -1.24155645  -0.23291766 
0.30448912   -1.60139157  1.07107748  
-1.17442102  -0.34831696  1.54252967  
0.14503669   -2.24234887  -0.76731000 
1.90864457   -1.37118206  -2.41000467 
1.44683783   0.01730347   1.31915470  
-0.96490545  1.51051257   0.82129972  
1.68211349   -0.76613664  -0.54287156 
-0.46349245  -0.82066062  -1.95111891 
# New molecule
-1.93483186  -2.08999356  -1.29858318 
-1.41693612  1.28721665   -0.51348317 
-1.38167066  1.40513774   -2.51069172 
-1.07096426  -0.34590556  -1.60499071 
1.80219269   -2.57967136  0.74445682  
0.31666678   -0.65702968  1.89330799  
1.77521568   0.58816047   -0.58688949 
-1.28142812  -1.27080586  0.80118888  
0.57949203   -1.53977713  0.16188982  
# New molecule
-0.29444218  1.54213921   1.12472680  
-1.24431288  0.16477481   -1.53274678 
-0.44695719  1.93703834   -1.05183033 
-2.36222737  1.27102044   -0.31353622 
1.91096254   0.37875420   0.16613693  
1.59174440   2.11090599   1.06201895  
-1.92933729  0.49733373   1.46282611  
0.69046080   -0.49134867  1.54084619  
0.37144506   -2.15440084  0.53479947  
# New molecule
-0.58212441  1.65709587   0.80836693  
1.15338099   0.73677716   -1.36771046 
1.41189119   1.16749442   0.63654716  
2.41049076   -0.81783583  1.02253611  
0.63558722   -1.47468721  0.56876479  
-1.65079452  -0.72046200  0.69276247  
-1.02129452  -2.31434314  -0.31020181 
-0.08114135  -1.10512810  -1.58035754 
0.30821037   0.05833771   1.89955048  
# New molecule
0.77296117   0.96946918   -1.50484545 
-0.08689266  2.43996259   -0.50385923 
-1.08297040  1.49881329   -1.93168792 
2.40424796   1.99351073   -1.80890202 
-1.81197142  -0.45654087  -0.64134901 
0.84215351   1.50479563   0.95594385  
-1.91881997  1.73118292   -0.15401097 
1.95034611   0.74350817   2.42525343  
-0.29518758  -0.64338422  -1.89237127 
# New molecule
-0.97308314  -1.36542357  0.99066213  
-1.09769503  1.68365745   0.38938824  
-1.91054003  0.43918287   -2.31406901 
-0.34922984  -0.67880574  -1.76757223 
1.53263210   -0.37481879  1.16647271  
0.69778361   1.43075805   1.21235551  
0.73959299   -1.80329245  0.02397523  
0.36263482   0.97987378   -0.70350258 
-1.85476019  -0.23967526  -0.45323903 
# New molecule
1.31482373   1.32746821   1.12675597  
1.04150356   -1.44819163  -1.57989549 
-1.78790117  -0.34549911  0.67416084  
-0.63880448  1.23744896   1.32834318  
0.42794600   1.79766468   -0.57768943 
-1.20206759  -1.04767685  -1.13483926 
-1.44718441  1.19374867   -0.89536358 
-2.40783816  1.76819760   0.73457181  
1.42251590   -0.12995892  -0.18140657 
# New molecule
1.64911830   1.52379204   1.12324586  
0.18448238   0.40232582   1.90424583  
-0.02457138  1.47900143   -1.32637001 
1.65664667   -1.04824101  0.07240822  
-1.39353760  -0.79476645  -0.66855978 
-1.91822532  0.92107335   -1.49003084 
-0.84270865  -1.43105379  1.16131998  
0.06566264   -2.11002061  -0.46354055 
-0.25660639  1.87029665   0.61053289  
# New molecule
1.27091546   1.34830455   -0.66295598 
1.62798465   -0.61129024  -0.93888170 
-0.56866368  1.27928741   -1.44453212 
-0.33822548  1.91402911   0.41037618  
0.02880426   -0.47426765  -2.11883098 
2.42117454   0.32738018   0.62823939  
-0.86621924  -0.71413406  1.62402759  
0.09350653   1.67726253   2.32207323  
0.30796537   -2.20751030  0.96862094  
# New molecule
-1.50078662  -2.62705354  0.04361957  
1.75779817   -0.47981896  0.65939892  
-1.29025418  -0.99850894  1.12319391  
-0.29182007  0.51499895   1.89663187  
-2.51242881  -0.91040062  -0.41028812 
-0.75967021  -1.31639295  -1.24206840 
2.35844216   -2.08995981  1.67236497  
0.37118038   -1.91849455  1.64281801  
1.26236086   1.33893885   -0.67571922 
# New molecule
0.07021255   1.44212427   1.29187184  
-1.66443038  -0.04979775  -1.67466030 
-1.84583636  0.43316650   0.21824178  
1.12618870   1.88763469   -0.39793088 
-0.56428103  1.56305030   -2.01883163 
-0.24188253  -1.26733812  -2.26547438 
-0.41667269  -0.86092545  1.31600830  
1.51121155   -2.09130021  -1.82969992 
1.39878499   1.94335130   -2.37280593 
# New molecule
1.51782243   1.20412396   -0.23900446 
-0.06069039  -1.37728666  -1.93855626 
-1.34899997  -1.38198498  0.38521023  
-0.11106868  1.67591285   0.97646287  
-1.83029244  0.61732675   0.26918657  
1.55107888   -0.72225811  -0.98530127 
-1.73637859  -0.54308391  -1.35241859 
-2.13730417  1.03299930   -2.47332468 
1.17885979   0.80844364   -2.17566979 
# New molecule
-0.76109121  0.55189763   -1.70484806 
0.92933570   1.71812557   0.18442834  
-0.26774651  3.01598580   1.11136086  
1.18004818   0.12089348   1.42187904  
-0.14473960  -1.96536908  -0.05232842 
-1.72630636  -0.79679000  0.45910849  
-1.38157834  -1.29525627  -1.44205907 
-1.25364819  2.39427227   -2.15234411 
-0.45103353  1.13581462   1.71455380  
# New molecule
0.23892321   1.81986275   0.66017326  
-1.49119488  1.59184378   -0.30045082 
-0.72504263  0.38265410   1.74924282  
1.57475763   -0.82111723  -0.80810461 
-2.05933149  1.40452017   -2.22227822 
0.13996251   1.37983761   -1.36510229 
-1.49524739  -0.18477421  -1.22216804 
-1.31584027  -1.46308100  0.31412960  
1.71265128   0.44431431   0.80756818  
# New molecule
-1.34547090  0.81239296   2.31044844  
-0.57973469  2.65731655   2.51332596  
-1.86903147  -0.81621017  0.03621450  
-0.41598174  -2.12206674  0.24365606  
-0.49532727  1.71172895   0.76255642  
-1.44674839  0.70444792   -1.13298288 
-1.82002486  -1.35590395  -1.89436872 
0.63739271   -1.19554781  -1.41037471 
-1.89921943  2.62681485   -0.83921375 
# New molecule
-0.72040324  1.63127086   1.43114414  
-0.60893483  -1.88992225  1.78084954  
2.38424540   -0.05260287  1.16523921  
0.98563260   0.91183553   -1.03488749 
-1.68238625  -0.44110309  0.93180208  
1.14750280   1.44694969   0.84053971  
1.77037953   1.08143057   2.69137948  
-0.51836668  0.23215635   -2.10751784 
1.74069566   -0.90642118  -0.49117805 
# New molecule
-1.02476080  0.98805250   -1.35371247 
1.63736200   1.78962545   -2.17977429 
-0.25801139  0.60589628   1.85103414  
0.60486482   -0.72803910  -1.92396873 
1.59877266   0.85505263   1.17439816  
1.23676518   -1.68004347  -0.32784544 
0.93721375   -0.96809955  1.48495873  
0.58810135   1.57160109   -0.31924176 
1.92024817   0.29923031   -0.89667692 
# New molecule
-2.13262682  1.70173930   -0.94572637 
1.93890753   -1.48268912  1.53383111  
-1.24182035  -0.47937616  -1.44317243 
0.10919599   -2.09725405  1.77292754  
-1.77253796  0.38240306   0.28604746  
-1.34669630  -1.30817068  0.91804120  
0.87489259   -1.86910990  -0.75299018 
-2.75498987  -1.27431078  2.20777743  
-0.32446654  -0.80069538  0.29382213  
# New molecule
-0.86766191  0.13031134   1.74673257  
1.76386029   -0.30741324  0.76814021  
0.90305033   1.69653926   0.25242122  
1.37832061   -0.82308866  -1.13573086 
-0.41275727  -1.25945758  -1.90785914 
-1.81613384  1.82831319   2.26487716  
-0.91374097  -1.73388289  -0.02794347 
-1.12688378  1.57474099   0.40535439  
-1.87603594  -0.05967157  -0.52424330 
# New molecule
-2.28962120  1.09058219   -0.71622650 
1.09326390   1.65337514   -1.22418895 
-1.07867325  -0.28226315  -1.48379240 
-1.50194541  0.70661369   1.06029611  
1.31084551   -0.25624394  -1.13941396 
2.40046090   2.46925430   -0.02584446 
1.45171349   0.97626325   0.78787460  
-2.01609961  -1.16815882  -2.86911543 
-0.77254218  2.18976614   -1.28734912 
# New molecule
0.17493548   -2.54383781  0.82185655  
-0.10978373  -1.38783361  -1.43154088 
0.99195248   0.21087149   -1.71925527 
-1.77859057  0.22678379   -0.68973180 
-1.02382410  -0.53354241  1.10817193  
-0.45644774  1.43320248   1.24925524  
1.62334017   -1.55831487  -2.40391689 
-1.39886203  -1.80797816  -0.05530624 
1.54298058   -1.89198248  -0.44027816 
# New molecule
-1.13320076  -0.00986919  -1.39620859 
-0.07109065  1.96944350   1.19876061  
1.66362854   1.90936597   -1.53363581 
1.62819476   -0.08259776  1.79441105  
-2.34565015  -1.81595417  -0.46568556 
0.70915901   -1.75138902  -0.55088965 
-0.85704655  -1.97953322  -1.75140730 
1.46402139   1.15515976   0.28481915  
0.24397013   -1.42492296  1.36466785  
# New molecule
-0.90753892  -2.16899612  -1.01761885 
-2.74618616  -1.48151431  -1.32246594 
-1.24499865  -1.01740865  -2.58964636 
0.99873546   -1.91901300  0.28976959  
-0.87780884  -1.81709643  0.88835232  
0.58667710   -1.16256885  2.07509825  
-1.18772610  0.53110542   -1.34043756 
-1.05274190  -0.09399034  1.77212303  
0.54154417   -1.90119743  -2.30303987 
# New molecule
2.39509818   -1.83626243  1.85001904  
0.57414892   -2.46774690  1.29633759  
-0.86760132  1.98141132   -1.82693010 
1.70868079   0.21495186   -1.20185721 
0.40544017   -0.46988267  1.87384950  
-1.70181180  0.46047655   -0.86403090 
1.52182045   -1.09842732  0.26122933  
0.06542572   -0.69057808  -1.82766418 
-1.74546807  -1.42442935  -1.58296867 
# New molecule
-1.62806845  -1.96035338  0.94160770  
1.45730129   -0.30659823  1.30518815  
-2.82382713  -2.08249204  -0.62841448 
-0.68223254  -0.38355353  1.59662730  
0.09524183   1.39746323   -1.39327060 
2.23480337   1.30942804   2.40258407  
-1.23993383  -1.00079123  -1.12632116 
-0.70723888  1.80117298   0.39641478  
0.35179943   1.19527131   1.93749929  
# New molecule
-1.27589241  -1.34192594  -0.24147659 
0.28250658   -2.58984038  -0.10353734 
1.18051662   0.04021539   -2.43714519 
1.57510425   1.49671057   -1.17112978 
-0.68770166  0.87709169   -1.59585632 
2.59593520   -1.09786895  1.83944032  
0.03690055   -1.48424676  -1.71696026 
1.55639196   -1.11671279  0.14657950  
2.00744325   -1.61744523  -1.69170616 
# New molecule
-0.17663176  -1.23935374  -1.54539466 
1.32188011   -0.75940129  0.01988461  
0.58465470   0.53449352   -1.79381138 
2.54349490   0.50173541   -1.79871912 
1.83928900   -1.17077407  -1.34205073 
0.30647996   -1.72152260  1.99740706  
1.73683277   -0.53263136  1.47148100  
-0.02324688  -2.18162409  0.13667784  
-1.49099621  -1.00878627  0.78398548  
# New molecule
0.35736622   0.98729583   1.66058800  
1.89800824   2.22863726   1.60287319  
0.99774271   1.13519987   -0.97706178 
-1.13178302  -1.24472277  -0.78282484 
0.79954151   -0.94230928  -1.48793293 
0.27703541   -2.54139114  -0.34925070 
1.63403659   -0.41195063  0.98259249  
-0.63120378  0.39678033   -1.88877509 
0.21989943   2.32171939   -2.17165184 
# New molecule
0.77236703   1.81686544   0.12115195  
-1.55752848  -1.36806247  -1.61158096 
-1.09048044  0.45637725   2.42317649  
-1.09995623  1.48074319   0.73813185  
-0.25754754  -1.13152463  1.57084947  
-0.77757685  1.91871420   -1.16561796 
1.43855913   -1.25763498  -0.47848001 
0.32241425   -1.87474610  -2.00944749 
1.75062726   0.21616055   0.85082777  
# New molecule
1.76673280   -0.94856024  0.78356793  
-1.71089286  1.07410537   -0.37153443 
-1.89520291  -2.41266561  0.21601463  
-0.15994584  1.91131774   0.53887061  
0.03879843   -0.83326937  1.79732780  
-1.00362632  0.83151320   1.95372183  
-0.97535428  -1.63653713  -1.35650409 
0.15827078   -1.97588459  0.20001584  
-1.70330260  -0.55117743  0.74782917  
# New molecule
-1.27327607  -2.56005550  -0.79505562 
0.71403226   1.11774198   2.13152330  
2.40038080   0.69596246   1.15134775  
1.07679438   -0.74005780  1.50329622  
-0.12736503  0.03264651   -1.88636057 
-0.79725331  -0.14496669  1.82636248  
-0.33953200  -1.84860008  -2.39994659 
1.66107369   2.54782145   1.11601182  
1.30296275   -2.43661508  2.51064571  
# New molecule
1.96336731   -0.68370495  1.00654637  
-1.66547007  0.39492749   1.03159393  
-2.15215392  -0.61833545  -0.56661327 
0.46533466   -1.79400707  0.35232382  
-0.95738161  -2.10174231  -1.00236480 
-0.45036209  1.85853141   1.51410719  
1.23164340   2.05983975   0.51165866  
-0.74755746  -0.00553557  -1.81016867 
0.85293414   -1.66053371  -1.59659225 
# New molecule
-0.44245807  2.60391862   1.96114150  
-1.02435496  1.89954202   -1.42889811 
0.83333249   1.24011201   1.30322799  
0.86522248   -0.43208768  -1.68750778 
-0.53806030  -1.69939037  -0.76287209 
0.69884738   2.08623293   -0.49262389 
0.97857694   -0.72449630  1.53535176  
1.90055377   0.54087724   -0.23270490 
-1.01751166  -0.98067699  1.37713170  
# New molecule
0.09041916   -2.27044919  -0.10727487 
-1.07865155  -0.52022917  -1.54448384 
1.05594629   1.64643623   1.37266033  
0.42146709   1.50659391   -1.95579085 
1.82510287   -1.27805303  -1.90268925 
2.34729766   0.63893930   -2.04583708 
-1.08580921  0.75651134   1.47130477  
1.60513441   -1.03584841  0.03027478  
1.35884523   0.84559548   -0.39197560 
# New molecule
-1.54470711  -2.49518018  0.88809138  
1.32323549   1.43993761   -0.29231709 
2.83537153   0.23127342   0.33121999  
1.37360151   -0.50574650  -0.67043006 
-0.73237568  -2.15255387  -1.14915445 
-0.74106128  -1.11768732  2.10901071  
1.20062636   0.09445526   1.50854001  
0.91859019   -1.52654664  -2.06889947 
-1.84139940  -0.74592002  -0.35738872 
# New molecule
-1.30659736  1.44857040   1.26584956  
1.53443499   -1.54613224  1.85785217  
-1.11451088  -0.21295304  -1.61401317 
-2.37897265  -2.12568781  0.95197867  
1.26361033   1.27226007   -0.83208968 
-1.99594229  -0.02439552  0.16962601  
0.28091915   -1.93736358  0.33732472  
-0.91720514  -0.96090809  1.56130332  
0.12691184   0.52787353   2.24213901  
# New molecule
-0.82526122  -2.00600820  0.95792477  
1.02547954   -1.37491714  -1.01582331 
1.02495816   -1.30791894  1.01998077  
2.27281779   0.86011069   -0.66438694 
-0.92720552  -1.32123916  -1.23387112 
-0.66743569  1.62555267   0.85176533  
-0.85381470  -0.17940460  1.74090267  
0.52456302   0.59124915   -1.50207683 
1.58221700   0.59926444   1.16077719  
# New molecule
-1.82829971  -0.77707414  2.81013843  
0.94305020   1.27013310   1.17121970  
1.41633442   -1.07847269  -1.73989007 
-0.80198069  -1.33203219  1.19495994  
0.21792220   -1.89962834  -0.40934224 
0.87022757   0.89907681   -1.82127430 
-0.92849527  0.28735834   -1.39450031 
1.48032663   -0.62416042  0.69138508  
2.15521918   0.87073028   -0.36053817 
# New molecule
0.62718027   1.89618767   -1.94755233 
-0.75878631  0.71405875   1.18058582  
-2.43022727  0.88102447   0.17357675  
-1.14784136  1.67775326   -1.10149349 
-0.22877547  -1.69300033  -0.92840750 
-0.61304223  -1.34481319  1.23108682  
1.02578940   0.02450615   1.69931301  
-0.26841221  0.08830111   -1.94714608 
-0.68121266  0.52531979   2.83994872  
# New molecule
1.82256589   -0.15346758  0.64911122  
0.34392035   1.08366569   1.59547999  
2.03791202   -2.17733280  1.00035316  
-1.12346120  1.60432838   0.26170450  
0.80271254   1.78496230   -0.20125806 
2.23832632   1.90089011   -1.56094402 
-1.49022259  1.66119109   2.20443106  
1.02086625   -1.57701050  -0.58727780 
-1.80857123  0.05410001   -0.80727413 
# New molecule
-1.27354755  0.08652957   -1.07811770 
-0.61819834  -1.67100201  -1.95664541 
-0.40548075  -0.98226794  1.60284081  
0.78670229   0.80337482   1.58366703  
-1.45161896  1.19809683   -2.41772279 
0.42845815   1.25271352   -1.44800628 
-1.32904721  -1.62071794  -0.09831967 
-2.16520720  -1.87030435  1.70721622  
1.41428541   -1.36743669  0.95179703  
# New molecule
-1.09457419  -1.26330011  1.00615173  
0.82033949   -1.65364968  0.72071136  
-0.21401410  1.54621958   -1.18780555 
0.69682774   1.69257207   0.66903330  
1.60896123   0.84585275   -0.90299624 
0.12122973   0.16808432   1.92093093  
-1.04486081  -1.19516071  -1.12010066 
-2.15579447  1.95614223   -1.24965121 
1.82582450   0.03024843   0.87626852  
# New molecule
1.38142760   0.97307449   1.00310609  
0.83857585   -0.04885961  -1.77426420 
-1.71056526  1.06723549   -1.33563732 
0.03525819   1.93288739   -0.16596188 
-1.53685189  0.30268864   1.16770685  
-0.95656412  -0.89138308  -1.45989862 
1.06582607   -1.97439121  0.75080421  
-1.86799934  2.08132458   0.37277617  
1.98049081   -0.50907058  -0.20076544 
# New molecule
0.86420751   -1.40709067  -1.07998132 
-0.07193906  2.10099086   1.36020279  
-0.41340074  1.83670121   -0.59521544 
1.94333761   -0.32951698  0.17030542  
0.91592395   0.40256320   1.70600104  
2.28403067   -0.47278249  -2.20237889 
-1.00708810  -0.83354074  -1.53380647 
0.35416317   -1.47487542  1.20678747  
1.42048903   1.59943751   0.15974038  
# New molecule
0.46473646   -0.81814328  3.07458759  
0.16000197   -0.46887882  -1.95760840 
-1.31229596  -1.18486676  -0.81108356 
1.36385004   -1.32784187  -0.66302351 
-1.73414707  1.16370170   1.48180455  
-1.17807584  1.92557770   -1.15992961 
0.74979287   -1.36437414  1.20740281  
-1.13760021  -0.76112187  1.41220505  
0.65372542   1.42522976   -1.72139324 
# New molecule
-1.06689550  1.42922556   2.05909598  
0.57484843   -0.09690388  -1.87684225 
-2.01618176  2.11357370   -0.45769109 
1.02818623   1.81070843   0.30824372  
-1.39900656  -0.05473790  -1.37498140 
1.70585307   -1.59995989  -1.17651071 
-1.83643839  0.41078462   0.53193477  
-1.47774961  -1.82091360  -0.39852259 
0.68201921   0.53239002   1.79090265  
# New molecule
-1.70532059  -0.41897158  0.85670694  
0.89635160   -1.66015186  0.55710985  
-0.99883799  -2.19486455  0.25689685  
-2.33010048  -1.00939880  -0.92552748 
0.86554639   0.06685228   1.74494499  
-0.91094740  -0.56459012  -2.22062637 
2.04380615   -0.10369377  0.16205700  
-1.47929655  0.80477607   -0.79970141 
1.50331336   1.78489216   0.29160643  
# New molecule
1.68944014   -0.63181216  0.83185435  
0.25672960   -0.75359569  -1.81148455 
-1.96997005  0.77195998   0.38104830  
0.71304471   2.63727271   -1.23767952 
-0.49633448  1.08699563   -1.56443783 
-1.66550901  -0.78039002  1.52504453  
0.12182828   -1.56044403  1.62764103  
-1.58905872  -0.52274108  -1.06466233 
0.57845355   0.79503397   1.69773913  
# New molecule
0.37966578   2.57032695   -0.23272948 
-0.22245880  -0.66449390  -2.12048975 
1.78346905   -2.25792950  -0.87715653 
0.00183280   1.62949746   1.45055619  
0.49472100   0.78911359   -1.03664955 
1.88133002   -1.04601568  1.64823919  
1.41214145   -0.31152358  0.18247577  
1.93342961   1.34554377   1.21258257  
1.72960215   -0.49097981  -1.70608864 
# New molecule
1.37320961   0.11338228   -1.36701997 
0.25852812   0.78125981   1.77654703  
0.91772974   1.81949700   0.24226387  
-1.58613735  0.42398250   1.04220749  
-1.68568881  -0.43481999  -0.82203007 
1.85689223   0.10686882   0.59529622  
-0.29953000  1.19714887   -1.12052274 
-1.11313538  2.29515879   0.21753931  
0.06562826   -1.49066705  -1.23582840 
# New molecule
-0.04526106  1.76168730   -0.77590332 
-0.94787203  -0.08669200  1.68018247  
0.98434078   -2.02073734  -1.15877078 
-1.82374265  0.52264095   -0.25135302 
-0.66394015  -0.95629739  -1.56105862 
1.71432597   0.94111180   -0.18532271 
0.43891715   1.36942182   1.30445746  
0.51837483   -1.71656864  0.75378136  
-1.39118742  -1.39133042  0.23602773  
# New molecule
-0.34208798  1.85591975   0.56211032  
-1.48480097  1.60456871   -1.05823132 
0.63109389   0.85293883   -1.80231933 
-1.80199872  -0.51335866  -0.51945217 
1.47334639   1.58872787   -0.19006371 
0.73264305   -1.11880207  -1.43153264 
1.00419874   0.68118313   1.52483712  
0.61208450   -2.55110649  2.37857692  
0.07085758   -1.28764327  1.22120956  
# New molecule
1.42718472   1.07518561   -0.75602480 
1.76513549   -0.16855274  0.81003953  
0.81676024   -0.71773131  -1.59663301 
-1.88168960  0.20048421   -0.60812915 
-0.11651179  1.32339718   1.90847457  
-0.35037124  0.95306465   -1.67700164 
-0.86464386  1.74200687   0.11767434  
1.02205503   -2.03760667  0.64280749  
-1.44939900  -0.00749963  1.32867552  
# New molecule
1.10122396   -1.25493538  -1.01606515 
-1.17117858  -0.76100095  1.37228667  
0.11029874   1.94983438   -0.27963940 
-0.82784074  0.83857052   -1.62888163 
-0.84039822  -1.12878033  -1.49331819 
-0.54893899  1.00044551   2.00176592  
1.75096365   0.79766689   -0.33492073 
-1.61017354  1.21049042   0.38273432  
1.33734325   1.19753700   1.57693457  
# New molecule
-1.46903432  0.67840783   0.34720167  
-1.70541265  1.97561718   1.69870661  
1.52561179   1.50454815   -0.00711540 
-2.49779971  0.96185700   -1.09147268 
-1.50312868  -1.28736521  -0.00348376 
-2.14047435  -2.23697120  -1.62880949 
-1.78306661  0.23644740   -2.78052525 
1.78463009   -0.16731078  -1.03003821 
1.72338928   -0.22817823  0.97059155  
# New molecule
-2.35989523  -0.73541478  0.90786168  
1.18854869   1.66596554   -1.26464707 
1.63673436   -0.26768296  -1.02728378 
-1.60452761  1.02118650   0.41129402  
1.00045032   -1.10055072  1.26592104  
-0.70116678  -0.13280228  1.82356278  
-1.89842943  1.20183865   -1.53753289 
-1.25311080  -1.04426879  -0.70342374 
-0.15830757  0.34248753   -1.83251901 
# New molecule
-0.89418646  1.72602360   0.03012555  
1.36183436   -1.19043421  0.70534439  
-0.58260122  -1.55123352  1.09521718  
0.37048008   -1.02258342  -1.61582808 
1.22321689   0.88233910   1.22298884  
-1.72673565  -0.11660258  0.33985917  
-1.07321040  0.43336551   -1.54919035 
-1.33392493  -1.89544410  -1.08558834 
-0.22078144  2.10719752   1.87727304  
