# Array shape: (3, 69, 3)
# New molecule
-22.53867345 17.48906921  16.19806904 
31.05526927  -15.71639656 -25.64632165
9.31107701   11.99158035  33.53792921 
-11.59804696 17.73232195  -2.87887158 
-13.09594281 18.90887010  -3.49043146 
23.56759292  25.22390267  -1.86500426 
1.55515714   0.92437976   -0.85230997 
-30.43463485 33.63656927  24.81805330 
-29.83393831 33.35523371  26.70420439 
-13.84816325 -22.33027585 -11.59387312
-4.28923628  15.98971535  -3.48478524 
15.39170078  -13.71986313 -0.53250447 
-15.46259440 -5.75184266  -30.97091249
9.80154751   23.50645311  -29.11375804
19.80904694  -27.37875693 9.15446862  
2.36156246   6.88897256   -30.75713975
-2.52963617  10.21141299  -25.06752295
-9.21845119  27.91781965  23.18356127 
-20.47504980 -0.20482517  -29.24993892
-11.23502168 -7.02796179  -13.45201668
-4.34146597  32.16374400  2.48221910  
32.46057566  27.50866879  -12.97572692
-20.66880505 1.74756843   -29.63808454
32.74193515  29.84819980  8.25892014  
-27.47900244 -27.26982029 -4.41464367 
-14.48251470 -30.00017299 24.42468571 
21.11821001  -28.10625172 10.48065622 
-23.89133005 -10.82286173 20.62269482 
23.22557860  -17.35510717 -10.45512270
-26.92095173 34.43181351  -4.69336446 
16.01302662  7.53535654   -17.91616318
-8.75101430  26.16272500  24.02258077 
-13.52367813 -20.50952413 -12.35452616
-15.08140098 -6.51344073  -19.48531630
12.30213282  29.11764028  12.29226216 
12.72272808  -31.65259125 -32.98200869
7.20576010   25.43261044  1.18624735  
33.50637861  19.21613769  17.45904459 
-21.35538442 0.99789042   -27.91824382
-34.15578348 21.18676035  -23.55580895
10.96051666  -25.52611855 -22.35511343
0.25543214   -15.71975985 -4.34325065 
-16.18534444 -21.39827106 -7.75871819 
22.85196647  3.38850462   25.66601749 
17.99729946  -0.27653869  7.66185390  
-29.96304656 -33.87725822 11.22890693 
-14.62265149 4.74376045   -17.77962338
-29.40817861 -6.47395443  6.25520871  
13.66321913  -8.59379961  -17.18279008
0.65259206   10.67154404  23.12930150 
-34.67920836 -3.10120879  16.86720048 
-34.63951734 -21.32231404 -33.04198869
-33.03923499 11.93487260  -21.04019655
-18.75787081 1.48265804   -30.15528855
1.68822218   -14.24417903 22.35548292 
-22.68828895 -23.08728775 2.71157267  
-26.85989357 3.58526816   1.48574534  
23.17622240  19.48510020  -24.67561000
-28.70521122 -27.64531328 -5.94950984 
13.26397361  -6.97481614  -18.28593615
-27.07276153 1.84038130   2.43892437  
29.80396635  -6.64032083  3.74197961  
-3.72100138  -24.13623527 9.30313089  
-1.60421817  11.43964125  -23.78847315
33.91688061  -0.85267088  -27.89445401
-13.78492585 -6.86398278  -18.00368457
-16.48182617 4.52839537   -18.48370439
-33.68746278 13.62039234  -20.18162530
24.09821893  7.40311231   -4.29976387 
# New molecule
-5.28303146  -15.34969605 31.23086654 
22.05489944  23.74074803  -20.61669652
31.17758069  11.47716028  -30.24047114
-3.87772651  -27.13975635 -29.32947579
-4.70677456  12.64368517  17.15011906 
10.47250606  14.71409810  34.05674822 
15.24780189  12.79259383  -6.29902686 
9.61921533   -17.20411342 -21.35884244
10.92905779  -17.04665531 -22.86148320
-21.50595876 2.93333679   16.24653218 
15.86951145  27.42307386  0.23886436  
-8.16378700  -31.45044597 -1.82742608 
-21.52693001 -28.63361327 22.00643420 
6.61475903   -22.55610958 -23.72717216
-1.94261839  -19.83618107 -23.80788113
22.39234969  22.26920668  -21.92880499
17.62110700  -5.81305552  -1.62869218 
-9.27260861  29.64764625  -3.43471315 
-29.16010741 9.22596296   33.97301937 
14.51910855  -20.69198336 28.08735157 
9.98234405   32.49259416  -11.81876634
20.75528490  11.96612939  -2.46210801 
11.44476925  -7.55081678  -4.62505288 
32.37109250  -5.37684912  -12.81379352
-24.42204639 15.80439642  -5.90720416 
-29.07022020 -28.75955799 -7.88703832 
25.59045202  7.66860516   -2.33733737 
-5.83441201  -16.63610895 32.65907042 
-31.51480176 28.94945305  -15.80753211
-6.53374466  13.44494863  17.28179695 
-1.17990611  -18.08812242 -23.20435660
-7.18348792  -18.68007366 -25.32818554
13.78043418  -20.04641437 29.83099397 
7.87540394   -1.56976856  -24.14791475
24.39992443  33.62969059  19.61010103 
-5.25037135  -25.51979596 23.13129565 
-0.10281769  12.70217874  -18.44779718
0.20984496   10.75009304  -18.74668554
6.36989430   -0.63120785  -23.22375426
5.84924543   -6.50896977  25.94844610 
11.42421805  1.80408241   -22.63786192
25.22641587  34.29236290  31.94454679 
5.25388694   -31.42285906 28.42652280 
-11.03267499 29.60783256  -5.23266915 
-32.86512490 4.89152010   22.01153389 
-29.84086821 27.86309120  -15.68010209
-26.37462765 -13.36582317 -30.48685763
-1.22310394  32.26171537  -20.46276551
-28.80844143 23.09476650  -11.60058902
17.21707310  7.31494202   5.07538141  
-26.31259721 1.21307516   -33.96499631
-26.43616359 -15.36064667 -30.35371119
24.78443421  -30.10817826 -19.41151031
23.41682885  -1.64139956  19.26523577 
-5.60601681  3.41180363   -29.68147725
9.70640934   -8.51613557  -4.40618090 
-19.83448754 -30.60810632 20.88941321 
-14.10183356 14.86855830  -18.82352641
-2.32327036  -23.82065619 -30.82292839
22.92656377  -30.84776104 -19.35099261
20.02502772  10.11865364  -2.23417028 
-28.13340384 -28.64106271 -6.12311937 
12.16677690  18.55697285  -33.36905372
-5.99767406  -27.37015420 23.26839601 
30.85644939  11.65630986  -32.20699000
14.31238848  26.81549562  -0.85999170 
23.02797547  -29.81341296 9.38586831  
5.72071219   -33.00355688 29.55934872 
-31.72333086 -3.71149606  -20.89687193
# New molecule
-30.20994749 -2.43269259  23.37494719 
11.05803608  -0.48377853  -2.27664550 
19.12036907  20.94386400  -8.19305722 
-28.81882447 -30.19288964 -27.58712232
-30.75594331 -0.41035946  -24.56558992
-24.44967885 28.91389347  32.81857689 
6.75633399   7.31884355   -24.73835846
-26.33711580 -3.60956245  -13.79875698
-30.84157377 -33.87511932 -12.90537064
-27.61635619 5.58086759   -23.10715657
28.04576559  12.55048675  16.19853456 
-28.39145357 -2.59360261  22.55979586 
-13.73145573 -20.74254001 -24.46373474
28.49397809  14.05098341  -32.56138572
-5.99375302  22.09644643  -24.33708833
-13.56144181 -7.79204595  4.48907393  
17.23385167  -16.54427563 -26.17852794
-14.39470376 20.05661088  -8.17652317 
4.88512788   -25.96538423 11.03358887 
-30.45711674 -4.06639120  5.40621839  
-31.42904328 -26.70050835 4.07460529  
-28.97681079 33.50159511  21.21250486 
-24.47403544 -8.23521204  -9.84280899 
30.46780707  13.82468733  -32.79509625
-5.36932311  23.64704360  -25.43573494
5.99980262   -26.42080088 29.72791833 
1.25689497   -16.32764071 34.35998711 
-5.53743568  -11.72638619 -8.35478043 
24.95057026  -10.17299010 3.28510736  
29.42564213  30.38300741  21.09279620 
20.32494550  -8.72546836  1.04221348  
33.44367907  18.36689885  -8.27688179 
5.90401217   8.15658720   29.06520852 
13.38658908  21.74050415  22.79252758 
-23.79772363 27.64784838  9.95024977  
-27.45555823 -3.03899333  -12.24247111
10.65673261  30.34180284  -26.01522661
26.35949377  24.06427599  6.36119827  
-26.21393289 -1.73530361  -13.11275031
3.12920214   -3.38493503  -6.06221225 
-30.75196973 -30.50213438 -27.99518645
-14.85652519 -20.67581973 -26.11627835
-30.37039752 -6.04675600  5.14394797  
3.42011208   -21.58141890 6.83774103  
-32.92071093 -17.45829558 -17.00009009
6.45023310   -10.84207982 -34.08264549
0.07571374   24.14151801  -9.06354524 
6.86863374   -26.61518780 10.30329443 
-15.26641748 -28.11780095 -19.73779961
24.98623906  -12.15111957 3.58026191  
-9.04006056  15.68168180  27.72052416 
-9.13590757  16.66100167  29.46132986 
31.26889257  -3.50609454  29.62924908 
-6.96854948  -13.08140072 -8.69773588 
-5.19323051  17.65512115  5.78755981  
17.76208842  6.15962027   23.31857118 
8.29768576   6.57190410   -23.70564505
29.91134121  -19.66500500 -24.34273679
30.99603883  -10.14788880 18.95050049 
15.48819010  -5.29757496  -19.19912842
-0.82714474  22.71866825  -7.98543412 
13.20159353  -8.93488058  16.61326062 
-29.14342035 4.86494328   -22.03292145
27.21892856  31.16278632  -30.24342191
26.54517645  -11.24008045 2.71921668  
-14.54198506 -22.42072609 -25.19026553
29.11319699  28.52265359  20.42964934 
-33.03993442 -15.49223964 -16.64873676
-23.37575972 28.71965881  -3.90039173 
