# Array shape: (5, 4, 3)
# New molecule
1.51633490   0.61625869   1.15236932  
0.78574079   -1.23519821  1.36524655  
1.83058944   -0.75310573  -0.26740734 
-0.29589388  0.34049095   1.94584458  
# New molecule
1.67178946   0.83176340   -0.70921211 
-1.33223124  1.43352975   0.39980565  
0.61327248   1.77243770   0.69943864  
-0.10393732  1.62548757   -1.16354636 
# New molecule
-1.65262434  -0.69036632  -0.89398908 
-0.56523488  0.73964501   -1.76729290 
-0.43681310  -1.94784230  0.07066888  
0.14951842   -1.12197056  -1.65100444 
# New molecule
-0.92791797  1.46420398   1.00096232  
0.73672900   1.86082700   -0.03746848 
-0.96396789  1.43824419   -0.99595030 
0.83650816   0.77845032   1.63828161  
# New molecule
1.75117162   -0.92817019  -0.28100261 
0.82732182   -0.04738308  -1.81746511 
0.38620894   -1.71628969  0.94608579  
0.06915798   -1.71738758  -1.02609039 
