# Array shape: (20, 9, 3)
# New molecule
-1.06239436  -1.03842987  -2.66960820 
-1.73073197  -2.13266497  0.41237809  
1.57955119   -2.43578314  0.15835594  
-1.64094268  -0.62016811  -0.82801293 
1.30823399   -0.93937119  -1.14432014 
0.03447970   -1.60724574  1.11106568  
-1.04063048  1.56343045   0.59229740  
-0.15744658  -2.21096099  -0.79718252 
-1.54234799  -0.31006853  1.16913768  
# New molecule
2.41687779   -0.54337567  1.05422710  
0.99443965   0.77971612   1.47639075  
-1.57602757  0.90817101   -0.78695693 
-0.83166359  1.51943502   0.96349139  
-0.67323292  -0.12359333  2.04172624  
1.81447299   0.73212376   -0.34312440 
1.45706370   -1.22251694  -0.55289387 
0.20120958   1.83499663   -0.70178504 
0.63643399   -1.36443080  1.26585081  
# New molecule
1.49032991   2.29124190   1.05087523  
-0.50955944  1.14360181   -1.53264010 
0.22962109   -0.20052899  1.96407446  
1.77695861   0.32672629   0.85499181  
1.26760942   1.39654852   -0.72185682 
-1.87983625  0.01397214   -0.69322280 
-1.49262416  -0.69719347  1.10776137  
-0.33976933  1.87000792   0.37721504  
-0.51245152  -1.28104840  -1.38539231 
# New molecule
0.43307339   1.88314501   0.39720587  
-2.57313468  1.24176776   -0.75094337 
-1.37425201  -0.03605823  1.40465224  
-0.39700575  -0.44797961  -1.86466675 
0.43663635   -1.78694532  0.67160963  
1.38890884   0.88642843   -1.05970611 
-1.51526918  1.86090663   0.80058826  
-1.82700090  -0.57412411  -0.46058619 
1.28586205   -1.11661830  -1.01703568 
# New molecule
0.36747870   1.78835198   0.68052985  
0.73179684   0.73218600   2.31632816  
-1.04539697  0.22243813   1.62796204  
-1.61761087  -1.11403158  0.25999634  
1.17786539   -1.06920083  1.53363763  
0.24334658   0.10583297   -1.96388677 
-1.57566146  0.30617187   -1.15109199 
1.62994017   -1.16820880  -1.27652064 
-0.87524364  2.11474076   2.17235064  
# New molecule
0.40390222   -0.92362941  1.67889186  
1.19723833   -1.22602837  -1.02880510 
-1.42159797  -0.03722016  1.35266816  
1.20923394   0.71247356   -1.42680113 
2.16044318   -2.05185280  0.47979029  
-0.38062010  -0.41909829  -1.91876028 
0.87915856   2.37339336   -0.38290152 
-0.65380564  1.71372988   0.72526262  
-0.63306907  1.43182721   -1.26007704 
# New molecule
1.86159241   0.67239867   -0.14231929 
1.96324423   2.05455603   -1.57140104 
-0.29191256  -1.77340502  0.82051718  
1.86605809   0.76681807   1.93680889  
1.49992434   -0.93263345  0.96409182  
-0.75408711  1.82718870   -0.00057588 
1.36916439   -1.06247124  -1.03090827 
-1.35531480  0.47936519   -1.36207175 
1.30606850   -2.71070342  0.08587500  
# New molecule
1.92072986   -0.26117915  -0.07732739 
-0.35188573  1.44929289   -1.30812309 
2.84180048   1.29269658   0.65950534  
0.52421062   0.67503149   1.78489982  
-0.09594081  2.57360552   1.69831326  
0.94801243   1.72433508   0.17195830  
0.82280361   -1.27805236  1.22760526  
0.68473693   -1.57253911  -0.95203287 
1.87057595   2.66731583   1.66693965  
# New molecule
1.11365092   -1.03940800  1.22957165  
0.42579831   -1.83082716  -0.49800559 
1.14769827   0.99555560   1.22530258  
1.19861411   1.29200639   -0.80840042 
-0.13709994  -0.34701228  -1.90123604 
-1.46107392  -1.34561795  -0.82149619 
-1.91472976  0.27098181   0.21460811  
-0.80802355  1.38245059   -1.10941538 
-0.86833692  -1.38019470  1.06097195  
# New molecule
2.21280361   0.06645603   1.46800864  
-0.59050002  1.40477878   -1.23027719 
-1.20181975  -0.41616696  -1.70649319 
-0.58146003  -0.87536510  1.66913123  
-1.90053437  0.42665654   -0.01289884 
1.47703988   1.28438608   0.05968192  
0.40992789   0.85895083   1.72630189  
0.26997414   2.82635130   -0.17575785 
-1.32701814  -1.49959659  -0.05810589 
# New molecule
-0.87317038  -0.87665968  1.55264939  
-0.40450167  1.02949729   1.68319204  
1.85886461   -0.71147984  -0.17689976 
2.15540589   -2.69918574  -0.05291979 
1.21108836   -0.10969554  1.59615455  
1.38573960   1.86327076   1.46774017  
0.68562618   -1.88329631  0.95928425  
0.34014904   -1.71917198  -0.96501983 
0.00140257   1.32043938   -1.46741078 
# New molecule
1.22791669   -1.50907632  -0.16616704 
2.67731128   0.00509171   0.74790165  
1.69333729   0.31109363   -0.94796685 
-1.16485952  -1.04281428  1.21481995  
1.26135804   1.36489100   0.71019002  
0.32001899   0.08893730   1.91986811  
-1.52263525  0.89074805   0.86500337  
-0.34128473  2.15282114   -0.11217057 
-0.22348120  1.99327811   1.87702572  
# New molecule
-0.64286553  -0.36176554  -1.84383230 
-1.00047149  0.31018972   1.68478585  
-0.12681042  1.84406058   0.71864124  
-0.25688731  1.51693636   -1.25178399 
0.60528411   -2.92570927  1.88123479  
2.36220423   -1.14672127  1.33145501  
-1.29328990  -1.82390390  1.79507446  
1.36465647   0.68372171   1.34873609  
0.45398657   -0.99202416  1.68366816  
# New molecule
0.97851460   2.97276288   -0.00190262 
-1.61276696  0.24672343   -1.13436463 
-0.38303850  0.75592778   2.28966768  
-0.51492487  1.82075823   -0.58919137 
-1.62170084  0.88822805   0.75711001  
1.05269864   1.28319426   1.01987634  
1.32326685   1.21201445   -0.94073012 
-0.50970385  2.47474814   1.27420152  
1.78019307   -0.68056122  -0.51772691 
# New molecule
1.11745980   -1.50187281  0.49814481  
0.44300606   0.82638494   -1.70961214 
-2.37443802  -0.61593390  -0.55134700 
-0.13368183  -0.85359858  1.93304955  
1.37470753   0.30258517   1.41608771  
-1.39633179  0.60586428   -2.44025786 
-0.66890050  -0.99392417  -1.53129455 
-0.94126163  -1.69170700  0.34291322  
1.89766222   0.13149257   -0.48435752 
# New molecule
1.71522220   -0.96334988  -0.21047438 
0.22116868   -0.36694954  -3.13907767 
1.90317068   -2.19692020  -1.76341829 
0.92755976   -0.66002132  1.62274684  
0.14737460   -2.02194806  0.39839126  
-1.05959854  0.20162056   -1.68562026 
0.19976827   -3.13514543  -2.22759133 
0.15814691   -1.33488308  -1.43263535 
-1.06963861  -0.84391856  1.44030742  
# New molecule
-1.36090879  -2.10165911  2.39367629  
0.26369957   1.84773498   0.68223120  
-1.45523373  0.19083487   2.90086325  
-0.60218580  0.20133255   -2.06758259 
-1.55327899  -0.60142370  1.09520147  
0.17456416   -1.57783317  1.22086230  
-1.19334404  1.44324639   -0.61700170 
0.23667951   0.28262431   1.91946789  
0.74037064   1.39107706   -1.21042514 
# New molecule
1.56860312   -0.23155512  1.19489567  
1.23567792   1.51037916   0.26803783  
-0.01510525  0.86463994   1.74442441  
0.42380328   1.11151635   -1.54621649 
-0.71525970  -1.39802338  -1.47917216 
1.81200153   -0.09813173  -0.78663825 
-0.70173464  1.83564369   -0.03962615 
-1.46996490  0.42167265   -1.23536903 
-1.15378546  2.19967475   -2.00867484 
# New molecule
1.19852215   -1.26236017  0.97477263  
1.94579479   0.30948646   -0.01218958 
1.05422047   1.68596514   -1.10880481 
-1.48764583  0.24727674   -1.27293617 
1.53204127   0.44081960   1.92076392  
-1.77709828  0.53124429   0.70054094  
-0.11523538  1.39552531   1.42434288  
-0.76008362  1.86344031   -0.37511863 
0.65540841   -1.61672004  -0.90351492 
# New molecule
-0.18218385  -1.80767093  1.52809155  
1.54636673   -0.55579660  -1.09977675 
2.76087689   1.54295791   -1.76473758 
0.90015479   1.34633238   -1.10043969 
1.46267197   0.45798572   -2.81143487 
-1.39121091  -1.36823666  0.01706093  
-1.04540636  -0.02235756  1.64542687  
-0.22924350  -0.12458278  -1.94040468 
0.72936093   1.55274122   0.92905451  
