# Array shape: (200, 9, 3)
# New molecule
-1.77843598  -0.82779876  -0.26643870 
0.82391200   0.52924152   -1.73600213 
-0.36788395  -1.04568443  -1.65731676 
1.98998714   -0.02219542  -0.23525547 
0.91692361   -1.70131272  -0.28358838 
1.19448448   -0.70144525  1.44510456  
-0.85920168  -2.59377654  -0.52959369 
-0.49421840  0.28759442   1.89094688  
-0.56035178  -1.54415723  1.11741527  
# New molecule
0.72289543   -1.79971096  0.37181354  
1.76804961   0.62258728   0.57861316  
2.16763323   -0.92577019  -0.62817742 
0.38946985   -1.14793686  -1.53304220 
-1.20772763  -2.04056191  -2.29762204 
-1.86349293  -0.30615198  -1.57194508 
-1.94746369  -0.00239948  0.40035984  
1.24670709   0.66399294   -1.37829730 
-1.11706787  -1.65731431  -0.33080660 
# New molecule
-1.82997195  0.67780345   -0.48996918 
1.78223921   -0.35349872  0.80248886  
-1.49551720  -0.10579509  1.29054458  
1.34620760   1.71347009   -0.94993110 
-0.40361783  1.95588007   -0.01711651 
-0.30138889  0.92329788   -1.73686690 
0.73419315   1.20883825   1.41792468  
-1.24528908  -1.76003275  0.16658783  
0.13740982   -1.19232954  1.56124523  
# New molecule
-1.77037047  -0.45515999  -0.76090073 
-1.92520067  1.41697915   -0.06632603 
-0.01732405  1.97702200   0.04697991  
0.29163221   0.90311076   1.70511243  
-0.03469628  -1.07163450  1.67244932  
1.19546714   -1.55785716  0.17335315  
-0.68611110  1.01165167   -1.57311493 
-1.71086616  -0.10608295  1.19933609  
1.26290755   0.98964028   -1.14460744 
# New molecule
-1.72547417  -0.38955504  -0.84129764 
-1.59821402  0.70779491   0.85012041  
1.84639191   -0.18651999  -0.59733868 
0.77552239   -1.75486416  0.24058498  
-1.15634486  -1.30479126  0.86271159  
0.47754311   0.66407578   -1.78452107 
-1.10879779  1.50545930   -0.93736704 
0.69806586   1.80850141   -0.12948191 
1.44074699   0.49687771   1.22675359  
# New molecule
-1.15796069  1.06937144   -2.82380898 
0.95990438   -1.66833493  -0.98768311 
-0.75375326  1.78960888   0.43507997  
0.13605951   1.52935499   -1.32560156 
-1.90780051  -1.01737006  -2.00059938 
-0.07400815  -0.31961375  -1.96177787 
-1.60215961  0.62866411   -0.95105792 
1.63690129   0.22106227   -1.10109587 
1.71449435   -0.79184076  0.62672912  
# New molecule
1.29060968   -1.48110500  -0.35522907 
-0.52319096  -1.48914600  -1.18062505 
-0.87598595  0.08355232   1.78095470  
-1.72605559  -0.90949273  0.26878311  
-1.75843423  -1.67560951  2.11351082  
0.85717386   -0.16616735  -1.79068577 
-0.02791926  -1.60717443  1.12828770  
-1.03769132  0.42060454   -1.61250540 
1.04653343   -2.09823933  -2.24133240 
# New molecule
-0.42155612  -1.79918657  -0.80219755 
-0.45508997  -1.54150504  1.16285187  
-1.48183275  0.22634202   1.20005024  
0.21627310   2.87996500   -0.41254368 
-1.23931118  1.51269735   -0.42745714 
-0.09508935  1.69023125   1.15116324  
0.44961066   -0.00104154  1.95958092  
1.39692145   -1.02145440  -0.96352239 
-1.74508037  -0.32952974  -0.86235265 
# New molecule
-2.04975883  0.60793158   -0.54686428 
-2.48810551  -1.16967684  0.17855847  
1.22331824   1.26314864   -0.84801334 
1.93670211   -0.14499930  0.38814920  
1.11052560   -1.13310878  -1.14362444 
-0.79363008  -1.70942988  1.02263492  
-0.57964825  1.86255654   -0.07494179 
-1.46696647  0.17635145   1.28801055  
-0.86129517  -1.53528140  -0.94329147 
# New molecule
0.50580548   1.64864100   -1.05998128 
-1.41096402  0.53146987   1.26159611  
1.72805794   0.92085662   0.32588245  
1.42384148   -0.09161955  -1.37785161 
-0.49024718  0.14970061   -1.91916299 
0.96507103   1.10701237   -2.90838032 
-1.37777829  1.31021262   -0.55440706 
-1.73420364  -0.68135042  -0.58324190 
0.03433249   1.85776595   0.84789194  
# New molecule
1.78357432   0.43827047   -0.68100007 
-1.05706229  -2.06003371  -1.98354535 
1.46270931   -1.29353458  0.22617712  
-0.42497401  -1.89540837  -0.12321194 
-1.26581189  -0.18565947  -1.46128306 
0.60276152   -0.97237416  -1.58372424 
1.34754788   0.40967458   1.33305104  
0.05210862   -1.07942987  1.64710316  
-0.82282166  0.74832095   1.59660039  
# New molecule
-0.59103510  0.65793334   1.76088555  
-0.52143019  -0.80157649  -1.70656889 
-1.47608819  1.85744086   0.46478199  
0.49339829   1.83166833   0.45070661  
-0.36932412  2.60619168   2.04531217  
1.00981054   -0.50041432  1.62052424  
1.25196773   -1.50533390  -0.11844603 
-2.54130068  1.03881318   1.93473484  
-1.91024954  -0.09446480  0.42175867  
# New molecule
-1.10047038  -0.59512726  -1.53339359 
-1.35069033  -1.46559533  0.25964353  
0.51505653   -1.67498868  0.88886384  
-1.39307100  1.80283088   1.24885759  
-2.05579781  2.30144876   -0.57294016 
-0.98278655  -2.02746744  2.14761492  
-0.96295028  -0.09980704  1.68804912  
-1.94192137  0.39480059   -0.02531786 
0.04783633   1.05393000   -1.65987117 
# New molecule
-1.71251202  0.82268282   -0.61452666 
-1.65643668  -1.01440341  0.15110434  
-1.30847356  0.63160538   1.31826494  
1.21391843   -0.53521711  -1.45399674 
-0.74547093  -0.47241289  -1.76484408 
0.00000823   -1.88881074  -0.58531851 
0.22087982   1.81342236   0.66579246  
1.71004894   1.08201278   -0.43067817 
0.03058219   1.34574595   -1.41193616 
# New molecule
0.85967690   -1.64195004  -2.38300314 
-1.56547279  -0.24338089  -1.15363129 
-0.92205331  -2.05458541  -1.60594581 
0.65201690   1.98272589   -0.89566846 
2.40144641   -1.30939552  -1.14608493 
0.62087534   -1.79509098  -0.40860043 
-1.63014050  -1.72307068  0.22589872  
1.12718039   0.15212270   -1.58326161 
-1.81090453  0.17424510   0.79801909  
# New molecule
-0.63386068  -2.53052779  1.98625010  
-1.45691629  0.67135311   1.16754411  
1.27903749   -2.00159755  2.23310204  
0.42166658   -1.88103576  0.43456990  
1.69021331   1.68007175   -2.01280183 
-1.83745612  0.15278700   -0.72410650 
-2.02080663  -1.10953079  1.86724047  
-0.09506089  -0.60088474  1.89026708  
0.90805323   1.74985656   -0.17234845 
# New molecule
1.79391871   0.64294267   0.49922769  
-1.78759589  -0.39159711  -0.67376900 
-1.51784846  0.57638322   1.06618116  
0.83819391   1.47091910   -1.03289329 
1.48866204   -0.42244539  -1.20051631 
-1.11654295  1.49261329   -0.68294818 
-0.75533395  -1.61154730  0.75403278  
-0.21170600  -1.53411559  -1.19650428 
0.13974128   1.76029098   0.84471336  
# New molecule
-0.65237707  1.86585438   0.18024239  
0.64255453   1.10094955   1.51063784  
-1.80932223  0.41325892   -0.56437056 
0.02215474   -0.87848321  -1.75983162 
-1.23562691  0.43765137   1.45869794  
0.56351345   -1.90041865  -0.13116752 
-0.69820015  -1.46881264  1.35301564  
-0.23479710  1.10367097   -1.62150277 
-0.85166538  2.27778593   2.11995875  
# New molecule
-0.05835908  1.65040832   1.47984818  
1.73469460   -0.14065325  0.90517852  
-0.28783731  1.63409654   -1.35057314 
-1.52500907  -1.13328471  0.38418387  
1.18712063   -1.47512631  -0.49796193 
1.25343887   1.49951372   -0.10581761 
-0.55862650  -1.16333606  -1.45550083 
0.01331727   -0.31504883  1.92202234  
0.99544666   0.14807807   -1.66768504 
# New molecule
-1.69834689  2.22960753   -0.48439955 
-1.78924145  -0.78022431  0.36369877  
-1.48664751  0.42290553   -1.21197701 
-0.17670232  -1.93080665  0.53478078  
-1.18217430  0.80972857   1.36130356  
1.10189746   -1.38399017  -0.89308252 
0.09276833   1.93989262   0.32459453  
-0.85907627  -1.44607687  -1.26769342 
0.22167894   -0.53047979  1.87841242  
# New molecule
-1.20268405  -1.49439780  0.95905592  
-0.15889338  0.89295929   -1.84685774 
-1.12370368  -0.81550516  -1.89920962 
-1.97773637  -0.15332272  -0.26772960 
-0.40441861  1.95979569   -0.21216592 
-1.30562637  0.94241933   1.20615187  
-1.97216432  -0.44606702  2.44787029  
0.46616744   -2.35690314  1.58124420  
0.16929814   -1.92541966  -0.39060010 
# New molecule
-0.14003100  -0.40107586  1.96411160  
1.36607735   0.77089254   1.38664085  
-1.68770001  -0.67679620  0.75801776  
-1.69449680  0.35298778   -0.93898796 
-0.90049624  -1.51342654  -0.87985975 
-0.56399132  1.40297735   1.22337512  
-0.03445454  -0.08316698  -1.97894575 
-1.89727212  0.47383155   2.35642200  
1.32220983   -1.17909124  0.85984990  
# New molecule
0.52581844   0.11392947   -2.69975353 
1.62697031   -0.30973578  -1.11085615 
-1.21130083  -0.82127085  -3.02004843 
-2.04517493  -1.17539685  -1.23792953 
-0.07067208  -1.31401016  -1.45762499 
-1.05350369  0.50260400   -1.56794012 
-0.93909379  -1.72546194  0.30491001  
1.03945896   -1.70568927  0.16624283  
0.66896996   1.43171947   -1.21125150 
# New molecule
1.95856370   -1.34078605  -1.51709648 
-0.91839431  -1.84096020  1.27019387  
1.30302949   0.56575577   -1.38186741 
0.58180555   -1.84945545  -0.10628435 
3.12693244   1.00797919   -1.99360616 
0.06601881   -0.90117786  -1.81392960 
-1.36451746  -1.35835603  -0.56824558 
0.71089604   -0.84176796  1.67859981  
1.94326606   -0.38838835  0.23238837  
# New molecule
-1.88435932  -0.22254709  -1.84882861 
2.09432405   1.47206944   0.94089872  
0.48585135   0.66575840   1.80306345  
-1.35202366  -1.36420234  -0.28633887 
1.32043761   -1.38560114  -0.36801223 
1.43949491   0.42348261   -1.26440034 
-1.50697473  -2.17273918  -2.10218693 
-0.01447039  -0.90036391  -1.75541524 
-0.00386149  -1.24910319  1.48482077  
# New molecule
1.49493793   -1.28439199  0.26717907  
0.47538319   1.75258851   0.68900507  
1.90720867   0.62894161   -0.15041736 
-1.12184345  0.23708953   -1.58560784 
-1.48009521  1.42348740   0.05142881  
1.11912770   -0.55326562  -1.54796927 
0.49224443   1.34810229   -1.33253841 
1.25079012   0.12973643   1.64597563  
-0.72764856  0.56735468   1.73671051  
# New molecule
1.48593937   -1.47217799  0.87478177  
1.10668512   -1.27760449  -1.05902370 
2.99181882   -1.43785733  -0.43880778 
0.92116038   0.60936003   -1.67019970 
-0.63940297  -0.63877999  -1.77421882 
1.97470316   0.22582621   -0.02812237 
0.54039900   -2.84009982  1.96003703  
-0.27426608  -1.03033154  1.67568336  
-1.43913232  -2.64176145  1.83846488  
# New molecule
-1.32440943  1.09517779   0.97035733  
-1.71716011  0.48436931   -0.88880016 
1.32535118   2.30375998   0.43032541  
0.55684221   0.93364870   1.63858144  
1.91479334   0.41421544   0.25816068  
1.32755067   -1.45875098  -0.16326883 
2.90639494   -1.15497444  1.00718009  
-0.33751561  2.71290845   1.52335210  
-0.28448161  1.84234449   -0.59155598 
# New molecule
1.31762507   -0.83727976  -2.13800488 
-0.40610183  -1.41391955  -1.27130833 
1.65543714   -0.97014051  -0.20730591 
-2.07612520  -0.67648388  -2.04807022 
1.21976622   0.90031029   -1.22276037 
-0.45822452  -1.79987448  0.66229090  
-1.53992151  0.84777645   -0.88496787 
-0.33028015  0.25535829   -2.32987247 
-2.10290738  -0.87600771  -0.05935128 
# New molecule
1.13252723   -0.35043340  -1.69211051 
1.23739905   -2.24009037  -2.32416495 
0.91675336   -1.74537537  -0.30532614 
0.97274060   -0.83293406  1.50324327  
2.08067505   -0.14309367  0.02483044  
2.70029468   -1.54494557  -1.20259982 
1.16871817   1.16688312   1.16337180  
1.14902377   1.42029459   -0.80787427 
-0.65296055  -1.17483574  -1.44988222 
# New molecule
1.12730938   0.90493684   2.52650877  
0.07975595   -1.06366465  1.76587894  
-1.59239338  -0.94944280  0.61414954  
0.03549061   -1.96019116  -0.01894489 
0.48506761   1.40746201   -1.28944563 
-1.43331526  1.00610497   -0.86860311 
1.69965869   -0.22763165  0.96428071  
0.92516346   1.60546492   0.66310730  
-1.10955405  -0.92887229  -1.33054226 
# New molecule
-1.08809768  -1.39858283  -0.90691117 
-1.27013310  -1.04550254  1.04917007  
-1.24123329  0.98939326   1.14762956  
-1.79917133  0.44560172   -0.66561825 
-0.23759745  1.74442948   -0.82282373 
0.87151187   -1.28989244  -1.24499923 
1.42809027   0.63524012   -1.19940171 
-0.33577062  0.11512991   -1.97172406 
1.85761916   -0.58989835  0.33682140  
# New molecule
1.01355900   1.45590007   0.83469317  
0.14072967   -1.81036315  0.69239680  
-1.61899269  -1.12486003  0.00719805  
-0.63020350  1.81940112   -0.32622986 
1.66441682   -1.73025528  -0.58389590 
0.15228035   0.14900566   2.08639437  
-0.15802164  -1.43684399  -1.32090561 
-1.30595716  0.23858443   -1.43942441 
1.65601466   -0.47293638  0.95532793  
# New molecule
0.22249312   -1.90913899  -0.40368617 
-1.87279608  -0.57335167  1.94410943  
-1.62964353  -1.60495846  0.26854313  
-1.89663204  0.38036519   0.14127836  
0.28894457   -0.46317654  1.88238406  
-0.66785681  -1.43628497  -2.12719990 
-0.73426293  0.50942147   -1.73088838 
1.00925737   -0.50615570  -1.62194943 
-0.53806958  1.28395638   1.38154409  
# New molecule
0.47381077   0.09681872   -1.89163030 
2.34002032   -0.20965121  -1.29288257 
0.41309938   -1.38204526  1.36295231  
1.59943818   1.84723538   1.30005585  
1.36310101   1.34149623   -0.59875291 
1.10218359   -1.51159564  -0.52127373 
-0.21509287  1.90981647   0.45225677  
0.21736626   0.54992175   1.87669442  
1.78593948   -0.07019479  0.77588294  
# New molecule
1.79599617   0.79274299   -0.11198063 
-0.01401950  -2.14667908  0.95474280  
0.98521820   -0.17798805  -1.65983057 
0.05200224   -1.80810919  -1.00287200 
1.56647819   -1.18531822  0.08710683  
-0.31113295  1.45664191   -1.25329972 
-1.05154110  -0.32024339  -1.66447432 
-1.63951611  0.51038098   0.95763478  
-1.54862047  -1.25237811  0.03286357  
# New molecule
1.60852689   0.89471978   0.68574280  
-2.38553567  0.72787438   -0.88398559 
0.05753748   2.05134316   0.25255249  
-0.95434986  1.99944390   -1.44572471 
0.16797627   0.12982325   1.93439725  
1.55178379   1.36556379   2.63055794  
-1.64868757  -0.14455875  1.05273554  
-1.51467259  -1.05646609  -0.72592284 
0.96507096   1.18036940   -1.25739987 
# New molecule
0.73367783   0.20935594   1.93047606  
1.31273704   -2.82170911  0.76329996  
1.71220750   -0.87018272  0.59046744  
0.51123028   -1.74713077  -0.71298368 
-0.47315691  1.81985912   0.57275352  
2.44849861   -2.17440035  -0.74227072 
-1.19989080  0.21271546   1.55750466  
0.92690678   -2.68228757  -2.40403005 
-0.08707586  -1.49374469  1.25109499  
# New molecule
-1.04944389  -0.41749346  1.60016175  
-2.85994683  -1.06781315  1.19207011  
0.90491690   -0.77922967  1.58296210  
0.50947768   0.47445324   -1.86563121 
-2.27060760  0.85382741   0.71036032  
-1.79481511  -0.72199459  -0.42158645 
-1.18803641  -2.18409967  0.70130934  
-1.37832535  0.90178563   -1.39308708 
-0.19122859  -1.34002281  -1.42871560 
# New molecule
0.43791506   -1.75326923  -0.89457848 
-0.01449666  1.78643866   0.84478936  
1.27646613   -0.16437153  -1.71775989 
0.34194860   -1.62122541  1.09675575  
1.71742564   -0.54283200  2.05613310  
-1.27190921  -2.11220726  0.02527592  
1.83957263   -0.74596167  0.09597214  
-0.59680798  -0.60219790  -2.17313895 
-0.15367314  0.11908170   1.96351105  
# New molecule
3.02260662   -0.31851221  -0.77809817 
1.41917052   -1.31570460  -0.20935337 
1.27413474   2.03868781   1.84334118  
1.60921691   -0.90114792  -2.12517988 
1.08769559   2.32649125   -0.09174198 
1.55518886   0.88443549   -1.32014521 
1.81105855   0.52772222   0.60189986  
-0.25666463  -1.36768327  -1.39519779 
-0.33629710  -1.89065039  0.53491426  
# New molecule
-1.41587789  0.27629042   -1.31575028 
0.63199651   -1.40421259  1.25370415  
0.16774644   1.49511344   -1.41149484 
0.39080746   -0.41652684  -1.88682251 
-1.05479661  1.66567901   0.12435546  
1.48854643   0.40166632   1.21580727  
1.49788348   -1.36017417  -0.53371602 
-1.14534166  -1.54349910  0.33221122  
1.76888325   0.57195553   -0.75280531 
# New molecule
-1.63287749  -0.67335649  0.84981428  
-1.29237878  2.74555872   0.49490479  
0.12621156   1.95756234   1.61960075  
1.53866284   0.82031499   0.88289561  
-0.04936909  0.01244762   1.94985967  
-1.41773558  -0.82100126  -1.13116081 
-1.66467075  1.14044917   1.62099881  
-1.62738057  1.00220193   -0.35395019 
0.26989692   1.88145524   -0.37277733 
# New molecule
-0.71773136  0.62675986   -1.82199006 
-0.44275539  -1.32785838  1.37364445  
1.16291946   0.09191725   -1.60851818 
1.16559168   -0.16055573  1.59950467  
-0.44272553  -1.23397456  -2.49864627 
-1.66583775  0.99807988   -0.13944032 
-1.50628844  -0.91861364  -0.85473692 
-0.65238942  0.66933088   1.70379423  
-2.24938514  -0.68034152  0.93648710  
# New molecule
-0.24357525  0.69277148   1.81744291  
1.06310252   -0.81520941  1.42707692  
0.61509478   1.81536892   0.36098996  
-0.34088231  1.28538005   -1.41167986 
-0.59817319  -0.79067496  -1.66652191 
1.91983823   0.31784055   0.01901259  
-1.34439779  1.42255936   0.31353525  
0.82223152   -1.70269101  -0.40354183 
1.69626910   1.03048613   1.86465911  
# New molecule
-2.31969257  2.08453876   -0.92869918 
-1.63537687  -1.02547672  -0.38709659 
-1.67612596  -1.00515398  -2.37972137 
-0.72901493  1.80255313   0.23046791  
-1.58422174  0.25563304   1.14534544  
-2.97496856  0.43813695   -1.89160460 
1.17340149   1.36688862   0.79165339  
-1.08290745  0.64521607   -1.44591890 
-0.44053065  2.51032483   -1.59058089 
# New molecule
-1.76017562  0.71417273   -0.48053977 
1.01321941   0.87299180   1.44400103  
-0.66010108  1.74100724   0.81731370  
1.08808002   -1.01826966  -1.29954266 
-0.01911518  1.64408492   -1.04528963 
1.81236198   0.60962654   -0.38169044 
1.21562999   0.70533052   -2.27938815 
-0.80184397  0.03080370   1.79823113  
-0.57793608  -0.07440730  -1.89324872 
# New molecule
-1.25644928  -1.47210546  0.12385487  
0.67291975   -1.15551306  1.43130741  
-1.92827675  -1.85355634  -1.71712607 
-1.06238067  -0.16379478  1.64482930  
-1.59034539  1.71156904   -2.27813363 
-0.79713454  1.73433865   -0.45878871 
0.35789303   0.71873293   -1.78049076 
-0.03678225  -1.26225164  -1.50106837 
-1.52042917  0.03088128   -1.22663081 
# New molecule
0.18071861   -1.22277868  1.49431549  
-1.42976314  1.11355526   1.13817248  
1.69784662   0.99785839   0.10158505  
-1.65693597  0.69241852   -0.76678458 
-1.65012442  -0.79465577  0.71288195  
0.44637816   0.97046408   1.65148114  
-0.09341275  1.93993249   -0.08054967 
1.94159152   -0.29949783  1.61585405  
-1.08847647  -1.19481409  -1.14840441 
# New molecule
1.37974622   -2.11136691  0.89975125  
-0.64654733  0.60008233   -1.79055155 
-0.95492359  -0.71618175  1.57677517  
2.28869715   -0.49746725  -2.04458462 
1.22129903   0.97653495   -1.20982564 
1.90582489   -0.49402056  -0.10091859 
1.01064121   -0.31176780  1.67764767  
1.96073246   -2.23015815  -1.03353062 
0.46919323   -1.03308878  -1.56397466 
# New molecule
-1.74878765  0.33448994   -0.89303732 
-0.89602144  0.19816565   -2.66741965 
1.12531776   -1.58338940  -0.51256809 
-1.15716284  1.50160353   0.60960985  
0.84556494   -0.12161429  -1.80536803 
-0.50489851  -1.87026867  0.56476145  
1.48105806   1.69063908   -1.33070103 
-0.69687499  -1.29509025  -1.33060088 
-1.72791653  -0.37621797  0.95305452  
# New molecule
1.79702619   0.76134833   0.13831645  
1.88726668   -1.21719453  -1.24992752 
-2.02782959  -2.37531028  0.10329821  
0.10495524   -1.91154256  -0.52889449 
0.59804593   1.33958795   -1.34305707 
0.16717049   -0.50269645  -1.93175075 
1.33780408   -1.08248478  0.88309013  
-1.52334956  -0.78950777  -0.92718736 
-0.67887839  -1.39149600  1.20037277  
# New molecule
0.23101070   1.76110763   -0.77539329 
0.76349533   1.44167441   1.12550897  
1.70201956   -0.20573260  1.58306955  
-1.37338271  -1.31647736  -1.17002463 
-1.47893629  0.68925518   -1.09574548 
1.86592276   0.48245619   -0.28847867 
-1.15480670  1.43289431   0.71571391  
-1.83276205  -0.42978927  0.56888962  
-0.25359821  -0.48415143  1.85503810  
# New molecule
-0.24513494  1.66648160   2.08582392  
1.73431637   1.93948537   1.75183117  
-1.91458879  0.61013688   0.06955040  
-2.21820106  1.62731789   1.74269410  
1.70752335   0.93772727   -0.23677121 
0.18255173   -1.60416033  1.19111770  
0.98401076   0.13527162   1.67748931  
-1.50081722  -1.32238208  0.18771673  
-1.03857875  -0.09389879  1.70481858  
# New molecule
0.12054053   -0.55413546  1.86355224  
0.78987416   1.25756433   1.26125265  
-1.25220532  1.27618757   1.31523031  
-1.73984157  0.80071382   -0.54168443 
0.71881164   -1.11041915  -1.45960413 
-0.30532541  0.53950062   -1.88771328 
-1.64244033  -0.63744156  0.85815143  
-1.25810587  -1.05399852  -1.08758535 
1.09252584   1.43033474   -0.74963892 
# New molecule
1.49628732   0.35510330   -2.73060798 
0.97905824   1.33719323   -1.05508383 
-1.70476419  1.12859703   1.71298514  
0.03807795   1.69498778   0.94915751  
-1.26808788  -2.28448575  1.84687281  
-1.71937364  -0.63473814  0.82293861  
-0.18059437  -0.13998817  1.95998778  
-0.70998018  -2.11491996  -0.05729949 
-2.10933055  -1.10666970  -1.04973562 
# New molecule
0.22748515   -1.53169607  -1.24827113 
-1.85461954  -0.35907384  0.67432714  
-1.73928563  -1.42038751  -0.96921555 
-0.53354597  -1.84061173  0.56723546  
-0.30131457  0.27305933   -1.92867711 
-1.14527863  -1.16789657  2.34220126  
-0.66340266  0.70004225   1.83357209  
0.69366400   -0.75711096  1.69573887  
-2.08227803  1.60571121   0.76542298  
# New molecule
-0.22994791  1.55829255   -1.15706523 
0.56692018   1.73264983   0.70957166  
1.56862868   -0.16787053  1.13619532  
1.63038032   0.82954662   -0.69655693 
-0.20991226  -1.21442385  -1.55338065 
1.52611527   -1.15609817  -0.59043159 
-1.62971845  0.09581026   -1.10167515 
-2.22659855  1.96523670   -1.23532986 
-1.38256026  1.34016786   0.45975582  
# New molecule
-1.60020042  0.06573442   1.16179174  
2.49221267   -1.07174757  -0.32387736 
1.66008528   0.09207421   1.03028230  
-0.84876279  -1.62285690  1.86910104  
-1.78607395  0.28510101   -0.80899455 
1.60548908   0.55791800   -0.96663551 
-1.22891971  -1.49833832  -0.07137634 
0.72931004   -1.26272520  -1.28983511 
0.75561872   -1.67750962  0.64884366  
# New molecule
-1.53280913  0.86812089   0.83809349  
1.17034922   1.06814642   -1.12606642 
-1.53960661  -1.20487180  0.60921832  
0.44760891   -1.70538884  0.84152889  
-0.42504895  -0.30959741  1.97052010  
0.60344685   1.69072748   0.69306730  
-0.86014948  1.46094529   -0.94660800 
1.43146837   -0.01733761  1.36344022  
1.73796444   -0.78235108  -0.44411151 
# New molecule
1.64248369   0.25267795   1.07181239  
-0.37629752  -1.76782021  0.80999676  
0.09712868   -0.05035269  -1.97952592 
-1.74797459  -0.40953979  -2.67904863 
1.38181238   -1.39759167  -0.04659360 
-1.53520015  0.65906469   -1.03556972 
1.72905108   0.36507141   -0.92024595 
-1.84975760  -0.43631829  0.59999568  
-1.07546662  -1.31787420  -1.01271963 
# New molecule
-1.00592564  -1.91418398  -0.12176784 
-1.34168287  -0.73944479  1.43761718  
-0.57774613  -0.67213137  -1.73882707 
0.24875779   0.42226117   1.88849092  
1.92804037   -0.33377680  0.14787253  
1.20198826   1.49113703   0.43352479  
1.25493733   -1.33448674  -1.44518855 
-1.94364084  -0.16154244  -0.37567221 
1.12076879   0.64810406   -1.44593717 
# New molecule
0.10930516   1.75007397   -0.93448157 
-2.02620576  1.57215395   -0.83720066 
0.96133540   1.42925809   0.91832253  
-0.88884961  0.23264130   -1.74649102 
-0.88590945  2.13781379   0.69125230  
-1.79388901  0.36779201   0.71936101  
1.94567604   1.04913639   -0.76566659 
-1.32151027  1.32636190   2.41973464  
1.84858235   -0.41735834  0.54648814  
# New molecule
-1.59446360  -0.29446771  -1.13499411 
-0.66155211  1.45891419   -1.16706513 
0.22198084   -0.17122823  -1.95688872 
-0.95532766  1.48599884   0.82734394  
1.49784465   -0.91443129  0.93137744  
-0.79667588  -1.89099876  -2.00732777 
-1.71094196  -1.27940986  0.57527179  
0.68914095   -1.68796893  -0.71997403 
-0.27918685  -0.69932142  1.81763857  
# New molecule
1.33979732   0.86958166   1.11792971  
1.38081453   1.05399588   -0.91872406 
-0.02150024  1.97950799   0.12992994  
-0.32296735  -1.93592711  0.13157653  
-1.74003626  0.99937866   0.03100523  
0.38744693   -0.85415847  1.70955316  
-1.53805934  -0.71833896  -0.95846353 
-1.51986815  -0.67099867  1.07702806  
-0.55347130  1.00659769   -1.57318297 
# New molecule
1.81014129   0.49212135   -0.62505842 
-0.05162706  -1.47101315  1.30772231  
0.01347929   1.48692850   1.37027969  
1.38612139   -1.40362984  -0.09789296 
-2.02314472  -1.77489648  1.14766372  
0.60914888   -0.61723883  -1.77271260 
-1.35587571  0.05772060   1.44036021  
0.34711213   1.85091015   -0.58281451 
-0.50355220  -1.82813609  -0.61648218 
# New molecule
-0.57164278  1.87508784   -0.22065888 
-1.76877392  0.41307114   -0.90648020 
0.56278811   -1.87434867  -0.18332318 
-2.52154754  -1.01057099  -2.08194428 
1.30948524   -0.50427137  -1.44480447 
-0.07673089  0.84531936   -1.84448655 
1.86870631   -0.42745224  0.44679425  
-0.59694687  -1.05889908  -1.58100150 
1.36497558   1.29287507   -0.53496406 
# New molecule
1.15385437   1.21959089   -1.04801484 
2.11568272   2.08018936   -2.54183262 
0.76604012   -1.80809896  0.38020832  
2.06926944   0.07640051   -2.40116336 
0.35951647   -0.67821612  -1.76830225 
1.91721253   -0.48371338  -0.48902412 
-0.96358304  -1.63048315  -0.56616609 
1.90486625   -1.88195764  -1.89106646 
-0.61390600  1.05204683   -1.85991537 
# New molecule
-0.62759799  -1.24316876  1.38642588  
-1.00860411  0.72231019   1.54154728  
0.49494364   2.58811220   -2.85004440 
0.32739796   1.01762021   -1.63674888 
-1.05375406  1.61871179   -0.25559729 
1.34028103   -1.13158427  0.87553681  
0.38298830   2.86191728   -0.87462122 
1.60362571   -0.45573048  -1.03398604 
-1.91889979  -0.33718050  0.10793003  
# New molecule
-0.22326254  -0.91037817  1.73542788  
0.59857238   -1.87626259  0.21090554  
-1.68220290  0.36457860   -0.91394275 
1.61555810   -0.39181699  1.05250503  
0.08576719   1.16127388   -1.56019832 
-1.64699620  0.32180680   1.08630874  
-0.74595000  1.82246765   0.14294165  
1.58667524   -0.54114918  -0.97677708 
-1.36193476  -1.39323093  0.11604621  
# New molecule
-0.01734981  1.24752019   -2.21524823 
-1.34606484  1.31569262   -0.72647249 
0.69682276   0.94339148   1.58488560  
-1.23646864  1.13349964   1.22029589  
-0.61825229  -0.65796826  1.74948579  
-0.74925025  -2.33811594  -1.62570324 
-1.90057280  -0.42792199  0.16311435  
1.28009552   -0.93218507  1.20311760  
-1.04052676  -0.38614989  -1.65958054 
# New molecule
-2.62782745  0.58544789   -2.00009709 
-1.52184332  1.60435215   1.40141014  
-0.29755687  0.15013090   1.96735480  
-1.43015125  -0.77168840  -1.09307155 
0.90996700   -1.70333653  -0.41105781 
-1.46056869  1.19409398   -0.53856963 
-0.42416624  -1.61770081  1.05643687  
1.36202797   -0.69017442  1.26512800  
-1.84436800  -0.25601423  0.77387685  
# New molecule
1.85344959   0.10525791   0.63490757  
-0.62063609  1.72397519   -0.69400228 
1.63812339   1.80967155   -0.42310991 
-1.23601384  1.84162607   -2.58853763 
0.71337188   1.70553457   -2.17936310 
0.03000159   -0.98018255  2.16479784  
1.44698712   0.05193162   -1.33988408 
-0.34988429  -1.89839344  0.42985204  
-0.46971728  0.12694690   -1.91433240 
# New molecule
2.20093479   -1.42856731  -1.61654802 
-1.56095887  -0.28066547  -1.16309864 
-0.81049878  -1.83057214  -0.16251788 
1.34470793   -0.04700556  1.43397400  
1.17411271   -1.57168367  0.07657688  
-0.59737087  0.47307302   1.81902798  
0.24197517   -1.06081484  -1.65106080 
-0.06340079  -1.41603074  1.60995880  
-1.94104259  -0.91254057  1.21498511  
# New molecule
1.33814956   1.62461638   0.20235867  
1.83023841   -0.24540596  0.71917647  
0.23306046   -0.28090382  1.92783906  
-1.50373974  0.16783296   -1.24147178 
0.55490666   -1.78520789  0.63233283  
-1.26580788  -1.50866276  -0.16126712 
-1.59915045  -0.00511797  1.11543187  
-1.05498454  -1.79336248  1.79870551  
0.00762552   1.49360357   -1.29420848 
# New molecule
2.62344311   0.90336397   1.80169870  
-1.71851319  -0.82639613  -0.52043737 
1.34195550   1.37353104   0.37963063  
1.03133024   -0.33277531  1.62880973  
-0.54935703  1.88733117   -0.15402694 
-0.42121179  -1.83070407  1.97044486  
-1.41223669  -0.22720945  1.35821042  
-0.14198284  1.24572455   1.67253873  
0.70566800   1.10285366   -1.49465989 
# New molecule
0.76274854   1.43419371   -1.14866705 
1.60274699   -2.27369259  -0.91584515 
-1.48447225  -1.08872395  -0.70865084 
1.95913223   0.30819288   0.01227557  
-1.04666362  0.91629177   1.38080403  
-2.04996945  0.83456901   -0.59895627 
1.10944672   -0.48256168  -1.59725107 
0.72136102   1.66180311   0.82393268  
-0.67538076  0.28673860   -1.89916195 
# New molecule
2.30736260   -1.35038239  -0.15400197 
-1.32416727  1.50512156   2.52183400  
-1.49768928  1.16128853   0.55798842  
0.30788328   1.39804222   1.36799836  
0.58590036   -1.47494030  -1.17225249 
-1.79899081  -0.78907236  0.18194449  
1.09107960   0.43523086   -1.56715150 
0.02939024   1.87442268   -0.56679851 
-0.76120292  -0.25052388  1.80173792  
# New molecule
-2.42295998  0.68069929   -2.19074906 
1.09085371   0.81222527   1.45970506  
-1.92501650  0.96908088   0.12553098  
-1.63584268  -0.62562137  -0.95003509 
-0.85266513  0.50616381   1.72653745  
-0.66525067  1.17499861   -1.39925899 
-0.01856323  -1.59195547  -1.45661160 
-0.23741865  1.92704177   0.44134780  
1.63021582   1.78602822   -0.18443115 
# New molecule
-2.14319432  -1.50180640  -1.44495329 
0.04551977   1.17267000   -1.57237046 
0.11009600   -1.93863905  0.00717917  
-0.90699607  -0.97378244  1.45849093  
-0.12356851  0.84406915   1.76234873  
-0.27834819  -0.85438147  -1.72694172 
1.07372730   -0.78713458  1.43864574  
-1.03574353  1.64983966   0.11605711  
-1.76360564  0.43862894   -1.29970519 
# New molecule
0.02809403   1.97190093   -0.18115142 
-1.61233788  0.92526221   -0.61069284 
-0.37528623  -0.22863220  -1.89378322 
-2.19218097  0.42358132   -2.38561525 
-1.92824905  -1.30623475  -1.35153056 
-0.16753280  -1.15658087  1.62432608  
-1.80671213  -0.45822421  0.74574327  
0.61870898   -1.86896432  -0.06490357 
-0.55213923  1.72242538   -2.06771185 
# New molecule
-0.24185846  -1.88867716  -0.45462985 
-1.17879295  -1.69624538  1.27117859  
-1.11835322  -0.99936319  -2.01851520 
1.72292977   0.43912912   0.81897983  
-1.85948100  -0.61890389  -0.23449701 
1.58058164   -1.04109281  -0.56318357 
-1.45944035  1.32249318   0.16400710  
0.76954235   -1.31768576  1.23344557  
-1.96189099  0.08343393   1.62536224  
# New molecule
0.73530174   -1.80011166  -0.27666026 
-0.92210074  2.24156179   1.13064505  
1.43896072   -0.55469189  1.17360899  
1.43932493   1.27392930   0.06832020  
1.51666156   -0.25237258  -1.24345284 
0.16282917   1.16037415   -1.56315535 
-0.00896606  0.64138420   1.85453347  
-0.34147201  -0.84033231  -1.72954404 
-1.98472939  0.57945190   1.39137198  
# New molecule
2.81361438   -0.00440052  -1.94476473 
0.59694545   -1.73736383  0.67247399  
0.15527437   -0.07057951  1.95552201  
1.33285638   1.27040438   1.03460839  
1.37143646   -1.01511103  -1.01312215 
-0.50843955  1.79163497   1.50918198  
-1.27251972  -1.11592310  1.04374817  
-0.50430094  -2.68894682  2.01028142  
2.02121427   0.20291537   2.57158333  
# New molecule
-1.09673173  -0.35139142  -1.60072699 
-1.81660945  0.86261242   -0.21161986 
-0.97095350  2.61815159   0.22920621  
1.98115556   0.20369903   0.03908026  
-0.25239783  1.48682597   -1.26441891 
0.58922782   2.17830418   2.33132477  
0.79565477   1.75982271   0.40908524  
-0.80613199  1.07903252   1.46335518  
0.97769153   0.28890568   1.74803909  
# New molecule
-2.47178208  2.18922470   -0.51445612 
0.03813573   0.65330971   -1.84375009 
-0.59975334  1.85081329   0.03834091  
1.45915861   -0.62814581  -1.15950262 
-1.69129916  0.38090449   -0.90393466 
2.78104784   -0.43807929  0.36862090  
1.11581921   -1.49129453  0.63377018  
-1.48711054  -0.29701262  -2.75996772 
-0.43621584  -1.26486512  -1.40100637 
# New molecule
-1.00943646  -0.92397072  -1.40557302 
0.96922386   -0.67811969  -1.55643716 
-1.66366868  0.73116881   1.61505525  
0.38886957   -2.56320959  -1.61059864 
1.83820124   -1.96836636  -0.33870466 
-1.73351794  -0.87753553  0.45091010  
-0.07605115  -1.93359284  0.17954171  
1.26509508   -0.86945640  1.22476835  
-0.01544506  1.68503195   1.03713861  
# New molecule
-0.41761112  -0.64953824  1.81321949  
-1.01621218  -1.67608200  0.19467003  
0.98478266   1.71922939   0.04741007  
0.93179563   -1.59609735  0.71074034  
-0.39080902  1.28901955   1.43053687  
0.39778730   -1.52416244  -1.20880478 
-1.27814812  -0.45215672  -1.40254507 
-1.84579878  0.10346112   0.57776931  
1.37833128   0.25881874   1.35428108  
# New molecule
-0.00244996  -1.17549122  -1.59395805 
-1.43023701  0.11030413   1.32406858  
0.27619430   1.68910746   -0.98608055 
-1.56019962  1.16426286   -0.32644435 
-1.35851697  2.48356262   -1.78677156 
0.05719275   1.66930998   0.99415433  
-0.91610719  0.52600556   -2.06838851 
-1.69086035  -0.78608712  -0.60344537 
-1.59064820  -1.86951422  1.06904373  
# New molecule
-1.06644423  1.55102273   -0.59961091 
-1.34984815  0.79419863   1.22752826  
-1.93969695  -0.23926664  -0.37753635 
-0.89668151  1.90060198   -2.54533616 
-0.65490127  0.03750503   -1.86915660 
2.60440001   -1.66275088  -0.95372235 
1.91339756   -0.36255385  0.39478548  
0.71937461   -1.80786822  -0.31322349 
1.27285754   -0.27929019  -1.49853827 
# New molecule
-1.58969718  1.00202454   -0.62399285 
0.31416859   1.91817748   0.23060845  
0.11408811   1.14329194   -1.61998811 
-2.22818210  -0.41596015  0.61247515  
-1.12903420  1.07749907   1.30484977  
0.73633858   0.61382227   1.73982513  
1.70645313   2.22884964   -1.17670242 
-0.62722740  -0.82372219  1.70787262  
2.13726157   1.85058258   1.14947462  
# New molecule
1.25587403   -1.50701591  0.00511533  
1.11427553   0.77825216   -1.42826131 
-0.09817491  1.60193964   -2.77355042 
0.67299853   -3.19997597  0.84907680  
2.61598462   -0.45007690  -0.98398787 
-0.66352890  -0.07414580  -1.86401186 
1.01351369   -1.13096219  -1.93796666 
-0.46970343  -1.59548352  1.07945210  
-0.50759953  -1.80481972  -0.87822163 
# New molecule
1.72968667   -0.88976316  0.47927108  
-2.44661634  0.31264868   0.45560222  
0.27862581   -1.97135799  -0.29718172 
-0.60293292  1.83817398   0.83347457  
0.22894366   -1.41119070  1.64492987  
1.24371932   1.52573473   0.03380303  
-1.40517079  -1.35896126  0.51837314  
0.91126404   0.49855854   1.68594862  
-1.00852294  0.12909475   1.77893482  
# New molecule
-0.37304580  0.14597458   -1.94660924 
-1.53169342  1.69267380   -2.42461319 
-0.46332974  1.75267424   -0.74144530 
0.72882031   -1.35612413  -1.25167596 
1.43811860   0.52632161   -1.18905822 
-1.23418074  -1.30090649  -0.83629486 
-2.01148677  0.51930484   -0.88069692 
0.83520376   1.60485683   0.75673231  
-0.22400444  0.35692713   1.92866245  
# New molecule
-1.40215270  0.65490289   -1.19606491 
-0.64944121  -1.51163620  1.11835655  
-0.36680711  0.31702218   1.89498906  
-0.90822258  1.67707449   0.48580599  
0.35090402   -0.13345054  -1.89133513 
0.64860971   -1.77676969  -0.42976125 
-1.25878119  -1.29716920  -0.76841154 
-1.89227621  -0.03603082  0.63161133  
1.20359162   -0.84696568  1.30245359  
# New molecule
1.16081954   0.35400380   1.58809461  
1.78928355   0.90396207   -0.20169609 
0.22928390   1.84326311   0.61373923  
-1.69157864  0.21675965   0.94028036  
-1.66695435  2.19880595   1.08549137  
-0.30446420  -0.96869572  1.82802477  
-1.21279843  1.37655793   -0.67901795 
-0.54093530  1.06805959   2.29134883  
0.49638636   0.85844458   -1.69512624 
# New molecule
-0.70579557  1.13064289   1.47430934  
1.19700672   0.51245107   1.48606206  
-1.03997065  -0.72088923  -1.53746277 
0.83128818   1.33075752   -1.86038880 
1.87059821   0.56541502   -0.36625441 
0.93197970   -0.63249919  -1.64637103 
2.23490039   -2.11739834  -1.62016171 
-2.20526899  0.85414635   -1.23211652 
0.33021083   1.91613871   -0.03711668 
# New molecule
-0.03713208  2.78817447   -1.52443047 
1.43600105   -0.58810644  1.22312933  
-0.73180287  -0.59450319  -1.71538685 
0.60448324   0.89380354   -1.68146943 
2.00888841   0.27980962   -0.46020852 
1.07389004   1.38893306   0.88349379  
-1.24123127  1.26367165   -1.09702485 
-1.96045184  -0.29713373  -0.13071328 
1.32638554   -1.57331497  -0.55321102 
# New molecule
-0.66838617  1.80955375   -0.38972663 
1.17140872   2.38744684   -0.82792245 
1.48229634   -0.35504110  1.25472971  
0.82125375   1.52764526   0.93796213  
-0.51608053  -1.51251963  -1.14869069 
-1.53308732  -1.55049521  0.58257836  
1.87723759   0.57597008   -0.45524304 
0.38878534   0.76974939   -1.75269089 
1.36304380   -1.33536278  -0.50561087 
# New molecule
-1.33108409  -0.04367514  1.40643821  
-0.43718277  -0.33268785  -1.85349219 
1.48295999   0.22162372   -1.29123582 
-1.09337370  -1.59849384  -0.23501545 
0.02969047   1.55924856   -1.23245344 
0.44057246   -1.58358289  1.06019421  
-1.88834674  0.16950387   -0.55604138 
-1.05958230  1.67074293   0.41501681  
0.78082403   -1.59968798  -0.90894057 
# New molecule
-1.21778409  -1.53346401  -0.13416192 
-2.30590834  0.44264951   -1.26802162 
-0.59008659  1.43617252   -1.22977684 
1.18433039   1.56252654   -0.27321900 
0.91508157   0.25293136   -1.75263968 
0.71731991   -1.77642059  0.44909080  
0.62548322   2.96056999   -1.57271460 
1.95213174   -0.28525427  -0.11881567 
-0.99072308  0.17427397   -2.74456982 
# New molecule
-1.72096414  -0.15157143  0.91761010  
1.76110748   -0.90153334  0.18406026  
-1.40438412  -0.78735985  -1.11598021 
-0.08920049  -1.15557844  -2.68503113 
-0.52788244  0.68741286   -2.12091825 
-1.35621829  -2.02782697  1.44389397  
0.29008855   -1.77710876  -0.83315670 
0.61456090   1.67541816   -0.84864414 
1.19463458   -0.12835623  -1.56515625 
# New molecule
0.55233687   -2.06757075  0.45960131  
0.83900464   1.77277495   0.21842419  
-0.86217633  -1.64732603  -0.89749322 
1.39635069   0.64895511   -1.29918528 
-1.22979496  -1.18064776  0.98116782  
1.01696569   -1.27020588  -1.29451463 
1.86328946   -0.47245720  0.31881121  
-0.40351081  0.00193836   -1.92274181 
-1.89272205  0.00345181   -0.54240681 
# New molecule
-0.06971114  -0.72572798  -1.81944507 
-1.63589212  -0.29861438  1.03637205  
1.58053348   -0.97094597  -0.70601417 
-0.12051604  2.49311068   2.04323086  
-1.56273525  0.43968939   -1.06325820 
-1.05806011  1.55718998   0.55597616  
-0.01808709  0.50740482   1.91036640  
1.51394591   1.02507387   -0.71253477 
1.46876039   1.64090194   1.18858813  
# New molecule
0.26806708   -1.36839244  1.39239761  
1.33822970   1.47448316   0.26323042  
-0.28263436  -0.74208221  -1.82872627 
0.84856349   0.87393690   -1.55586872 
0.76088703   0.48324270   1.86938769  
1.85473030   -0.44260212  0.49940531  
0.77146278   -1.76980512  -0.49809965 
-1.15736251  0.07683855   1.59403251  
-0.41517121  1.89815588   1.12210177  
# New molecule
1.54773044   -0.92890674  0.80820565  
0.82540246   0.73801684   1.65729064  
-1.14781955  -1.30304704  -0.97616672 
0.84046234   -1.47900513  -0.98581862 
1.76553775   0.87583704   -0.07973496 
2.66009447   -0.73106256  -0.81676542 
2.81769978   0.40456127   1.52445142  
-0.20079815  -1.85426842  0.69290896  
1.77040497   0.58649073   -2.02707147 
# New molecule
-0.54007001  0.53555463   1.79699664  
-0.05931072  1.65482643   -1.42443685 
1.35741671   1.14444282   -2.73353056 
0.28194916   -0.31238179  -1.89154743 
0.43047181   1.83175999   0.52060141  
1.61138499   0.79609921   -0.78677522 
-1.74769568  -0.62996920  0.65956716  
-0.58255337  -1.76575975  -0.56061024 
-0.06590110  -1.40250412  1.37995588  
# New molecule
0.33143228   -1.70284074  0.91652622  
-1.42386464  -1.33145212  -0.08951515 
-0.78253473  -0.35464218  -1.76116119 
0.15841418   1.42412034   -1.33714024 
0.20104755   -1.95005013  -1.05775331 
0.67939329   0.62954679   1.72779271  
-0.53498931  1.78041478   0.56741800  
-1.74675028  1.15304669   -0.90067221 
-0.99827181  -0.43030707  1.65218347  
# New molecule
1.09668097   1.47202826   -0.70428869 
-3.12811696  -0.77440506  1.58267849  
-1.14921500  -0.83556997  1.41036635  
-1.25398803  -1.49465823  -0.45704985 
2.78685303   2.30230602   -1.36498993 
0.89167186   1.89790820   1.67610804  
-2.01228736  0.29234718   -0.02404041 
0.62182569   -0.06250068  1.88480481  
-0.90830024  1.13373031   1.38178341  
# New molecule
-0.55008235  -0.42107852  -1.89525930 
-1.60836254  1.08607501   -1.22382998 
-0.19144043  -1.52235222  1.20535655  
1.44097933   -1.36839911  -0.04412052 
-1.79232736  -0.72248220  -0.32017766 
-0.30005862  -1.96042089  -0.71667025 
1.68462967   -1.25404469  1.90188422  
-1.56971890  0.94374124   0.75777216  
1.33574405   0.01521919   -1.46685842 
# New molecule
1.20507017   -1.45923893  -0.51526664 
-1.70498960  -0.95227017  -0.05292303 
-0.08645015  -1.77326852  0.93752832  
0.09482807   -0.17123447  2.02431456  
-1.80362260  -2.74697415  0.76058384  
-0.59321076  -2.38921002  -0.84988634 
-1.67076046  -1.09501035  1.91861174  
1.72711493   0.13967301   0.88243495  
0.51118697   1.65952331   1.48485996  
# New molecule
-0.51242592  -0.15354923  -1.89784748 
1.42745521   -1.36099617  1.41987641  
0.54701838   1.81494210   0.48856463  
1.31316656   -0.76835454  -1.24091068 
1.87812975   0.31119703   0.35626009  
-0.04689886  -0.17344287  1.96362746  
-1.22224841  1.16575366   1.11145639  
-0.99807073  1.50222887   -0.82712068 
0.86030425   1.17318107   -1.37559442 
# New molecule
2.23721491   -0.55943763  2.46956380  
1.79028637   -1.83672974  0.98049780  
1.41264063   -1.10992633  -0.83754457 
-1.51472876  -0.41149095  -1.15287739 
-1.52851248  -0.83393820  0.88967653  
-0.04927246  -1.96167464  0.20950740  
0.33573519   -0.74927275  1.77481107  
-2.41845343  0.21269250   2.33046691  
1.83171313   0.12800891   0.67281532  
# New molecule
1.27476131   -1.26253403  0.83627124  
-1.77275231  0.60731000   2.32855978  
-1.84150113  -0.50446831  0.66740336  
-0.30319042  -0.64824308  1.88098587  
-0.19786382  1.64931767   -1.10565890 
-1.71177324  0.37122598   -1.08904075 
1.58757739   1.06482120   -0.43186333 
1.14480872   0.62649859   1.48884251  
-1.21513600  1.39891813   0.59854856  
# New molecule
0.54695886   -1.86490892  -0.25050092 
-0.53886798  1.71175597   -0.82997771 
-1.29723888  -1.22130854  0.82942233  
1.90106664   -0.48575255  0.30208041  
-1.98973126  1.91654904   1.51445401  
-2.59396248  -0.01552601  1.84083450  
0.52809211   -1.10693306  1.59896783  
-0.68241818  0.45937004   1.76630495  
-1.88077965  0.54476532   0.08781458  
# New molecule
-0.28080895  -0.60889951  -1.89710807 
-0.31569247  1.33210190   -1.40677381 
1.90139582   -0.28776927  0.50084621  
0.49984583   -1.11139042  1.66506915  
-1.37318276  -1.05387901  0.89092347  
0.96079393   -1.57556993  -0.69191640 
1.41151902   0.28079738   -1.35487468 
-1.81273663  0.10586877   -0.87609429 
-1.34167084  0.93774813   1.05279549  
# New molecule
0.24920448   1.95369837   -0.24217476 
0.26951377   0.76915887   -1.83349760 
1.89728356   0.91764074   -0.69953984 
-1.50066877  0.03878333   -1.30331202 
2.04618444   2.58002972   0.40354035  
-1.39171927  1.86486319   -2.07597643 
-0.64817248  1.29517433   1.39932164  
1.28454171   0.92916476   1.18904897  
-1.89479758  -0.04426649  0.63808121  
# New molecule
1.70505322   -0.91225004  0.24261506  
-0.90030660  -0.44403054  -1.68872528 
-1.70287419  0.86075942   -0.35133445 
-0.03355533  1.33834885   -1.42795124 
1.09797477   -0.33116179  -1.59371067 
0.13167022   -1.83246072  -0.66676140 
1.16166296   0.70375415   1.39434673  
-1.60248743  -1.09042742  0.09464627  
-0.83065292  0.21813764   1.72261581  
# New molecule
-0.29056717  -0.77776216  1.78590924  
-1.51553833  -0.98830848  -2.74902717 
-1.17345284  0.51845382   -1.49005280 
0.74414031   -0.07108149  -1.81114500 
-1.15147772  -1.34579967  -0.83694283 
-1.82401986  -0.15522327  0.65855069  
-0.48345352  -2.40287458  0.68069656  
-1.10739965  1.64025975   0.14923326  
0.81908188   -1.68027852  -0.63265282 
# New molecule
-1.32740379  0.33025957   -1.37941915 
0.38409171   -0.71607880  -1.76653914 
1.93185058   1.05758793   1.09061014  
0.45398650   1.90071836   0.07297206  
-1.78316791  -0.74868163  0.29254942  
-0.23073918  -1.15307040  1.56872613  
-0.25572982  -1.91102226  -0.27139817 
1.58251669   -0.87177728  0.68788284  
1.69300996   0.51045345   -0.81384471 
# New molecule
-1.28372899  0.46172139   -1.42573620 
0.64580911   0.95095525   -1.58340097 
1.20686231   -1.52024864  -0.04350837 
-0.51821834  1.89535425   -0.23708271 
1.33766527   1.38405472   0.26260123  
1.33864825   1.76659440   2.18913759  
-0.38769675  1.06346943   1.58009249  
-0.42200100  -1.36319652  -1.32476495 
1.20459061   -0.17728951  1.53454744  
# New molecule
-1.78785106  0.16859321   0.81228272  
1.22625862   1.80076255   -0.08803505 
2.08013772   1.01298988   -1.69034513 
0.07337700   1.17004835   -1.56380167 
0.92877469   -1.18067950  1.29273127  
-0.62200817  1.76545194   0.56914524  
1.96884318   -0.02275675  0.03298570  
-1.56375571  0.06639508   -1.18738191 
0.86587902   0.79452267   1.57096168  
# New molecule
-0.45414833  1.82782436   -0.61072995 
0.77464107   1.55010157   0.96846606  
-0.53840975  -1.53186042  -1.08269450 
1.94821564   1.25579001   -2.77692404 
1.39845345   1.17058776   -0.87096382 
-0.85819872  -1.42218899  1.02648223  
1.32766797   -0.77102807  -1.24921240 
0.40482209   -0.15164514  1.93517809  
1.87908099   -0.10281508  0.58006543  
# New molecule
-2.19830382  -0.68012801  1.74526046  
-2.10971113  -2.59610452  1.18431097  
1.54671167   -0.40793539  -1.17109002 
-0.15765419  -1.42343716  -1.38022483 
-0.50965572  0.34794961   1.91795425  
-1.27133338  0.25311037   -1.47654635 
-1.78031879  0.75781554   0.41718464  
-1.63364431  -1.14902710  -0.09674336 
-0.42267664  -1.56214639  1.43671941  
# New molecule
2.37719765   1.33858349   0.76299164  
1.89983753   -0.50489164  -0.21658309 
-0.94669340  -1.35521705  1.10161527  
0.99679544   -0.99927018  1.45636891  
0.42612850   -1.91428238  -0.23841436 
-1.52672361  1.50348112   1.00668077  
0.43903965   1.73400485   0.83562143  
1.38763634   1.13490102   2.47656027  
-0.34653300  0.30814744   2.00115947  
# New molecule
0.16764099   -1.94390453  0.26958512  
-1.01481913  -2.00685234  1.84203005  
-1.03311649  0.89555128   -1.44058890 
0.86138471   -0.67051088  1.66898161  
1.72088056   -2.76507338  -0.66827798 
1.80531075   -0.85893199  -0.07321397 
1.83992936   -2.34821491  1.27782031  
-0.60898593  1.84779118   0.26984293  
-1.01474738  -0.00656585  1.67262240  
# New molecule
2.10795790   -1.34203167  -0.55111722 
-0.25988536  -0.59982367  -1.84912270 
-2.82813412  -0.98030803  2.27375192  
-1.49239213  0.07677066   1.25519264  
1.43430104   0.38979472   -1.26696963 
0.25471052   -0.87608087  1.72751573  
-0.33558440  1.34458612   -1.40908804 
-1.80612651  0.13003999   -0.75527046 
1.79241709   0.11448921   0.76210892  
# New molecule
0.24748742   -0.85408729  1.74038041  
-1.82766900  0.57184205   -0.35156308 
1.80366545   -0.56048933  0.49308643  
-1.16674657  -1.04278870  -1.33585363 
0.92246034   1.00502720   1.42479880  
1.48357604   1.19359847   -0.47473943 
-1.39823587  -1.20164686  0.62872383  
0.60136838   -1.71051070  -0.69618730 
-0.33115006  1.91467306   0.12153437  
# New molecule
0.22807489   0.16793683   -1.93566462 
0.23949637   1.70667019   0.94293646  
1.38803121   1.19678207   -0.66090891 
-1.49804730  -1.16579167  0.50065894  
-1.61694737  0.00135852   -1.12241378 
-1.59329021  0.84575054   0.71909205  
1.56123899   -0.85112865  -0.78403203 
0.42396689   -1.80045626  0.63747574  
-0.57289932  1.67387748   -0.86409219 
# New molecule
1.74289207   -0.01196761  -0.90952032 
0.09784658   -0.42742888  1.91321924  
-0.31597677  1.42730839   1.32377463  
-1.66899470  -0.04110497  1.02550686  
1.53732476   0.70214938   0.98016854  
0.08472839   -0.80619953  -1.77688681 
-0.03603953  -2.35711850  1.45563565  
1.39119611   -1.25814510  0.61000102  
-1.67440386  -0.08714841  -1.01039117 
# New molecule
0.23424892   -0.84820865  -1.74455726 
1.52489559   -1.12055905  1.13105555  
-0.26642863  -1.44716348  1.86522482  
0.11607908   -1.95523456  -0.04086214 
-0.42386045  1.05432786   -1.61221883 
-1.61363142  -0.20697670  1.10819814  
0.18926052   1.96217571   0.08174600  
1.51630170   1.35714929   -1.27843415 
1.72889579   0.77307045   0.59835068  
# New molecule
-0.10800961  -1.81358016  0.80157519  
1.71678823   -0.95968956  0.89916484  
0.94719008   -1.53406803  -0.84981621 
0.01282791   -1.76977953  -2.57737991 
1.90778978   -0.81027019  -2.40841796 
-1.02586903  -1.36546983  -0.93424778 
0.19060360   0.05331041   -1.92080512 
1.82049406   0.24281027   -0.72316474 
-1.92074404  -2.29498579  -2.43172783 
# New molecule
1.31946971   0.99078444   -1.10786737 
-1.05134854  2.74068599   -1.31535061 
-0.57198749  0.84538908   -1.68367800 
-0.36198576  -2.51163138  -1.94499179 
0.60621626   -0.78593167  -1.70523612 
0.14826550   -1.94154661  -0.10427195 
-1.74209816  0.86422807   -0.07312487 
-1.46103909  -0.99896090  0.83833086  
-1.29322969  -0.95489423  -1.12026607 
# New molecule
1.06961043   -1.65771436  0.17696742  
-0.44208445  -1.55124258  -1.15296095 
1.23926793   -2.53986386  -1.60160056 
-0.31237350  1.27094588   -1.43714518 
1.52787109   1.16129721   -0.59842900 
1.24183135   -0.55057410  -1.47097534 
0.05336618   1.99334942   0.40333030  
2.02340156   2.84978630   0.28453340  
1.27020095   1.13073430   -2.57661021 
# New molecule
-1.41391042  -0.89973117  1.03966545  
-1.30410324  -1.11882942  -0.93849304 
0.59750165   -1.81480741  -0.40265006 
1.13902575   1.62060936   -0.65742680 
0.70794539   1.69625881   1.36815368  
0.35595604   -0.45742886  -1.87133408 
0.22900646   -1.90611722  1.54520196  
-0.74895789  1.82555378   -0.00766795 
-1.06494804  -2.69799335  0.24859321  
# New molecule
-1.55205675  -2.44510633  0.99651216  
-0.72645912  1.83902246   1.23099046  
0.82605248   1.77618006   0.03013300  
-1.87737069  0.44139566   0.41075540  
-0.93292755  1.25672117   -1.15284494 
0.75100559   0.61204145   1.70765874  
-0.80784287  -0.68966645  1.65850802  
-0.54118641  -0.63206594  -1.78786850 
0.93118883   0.69454129   -1.62964995 
# New molecule
0.31731118   -1.94382236  -0.09059613 
-1.03576542  1.64514864   0.42238569  
1.26177520   0.76025936   1.31245106  
0.13172610   2.28794013   1.89719287  
-0.60777934  0.43542623   1.91628271  
-2.03398306  0.74995707   -1.02808938 
-1.29067461  -1.08204308  -0.99251182 
-2.19828947  0.03861898   0.81415870  
0.59347489   -1.09607083  1.67958777  
# New molecule
0.40614400   0.23593881   -1.90323453 
-1.64670807  0.12064395   -1.04117111 
-0.76411400  -2.30203032  1.96762895  
-0.37841686  -1.44958637  -1.23821447 
-0.49448214  -2.90669071  0.08168960  
-0.45595197  -0.32875649  1.90807831  
0.74519492   -1.56111867  0.89958556  
1.70624914   -0.69897022  -0.63807563 
-1.45549537  -1.22871672  0.44029838  
# New molecule
-1.64892080  1.09674156   -0.06853541 
-2.31104948  -2.18478910  0.22489768  
-0.29731889  1.09029096   -1.57196988 
-0.34157191  -1.90039979  0.17670606  
-0.66151522  2.81697451   -0.27426647 
-1.61075408  -0.69620405  -0.90739569 
0.16739686   -0.96588933  -1.69248018 
-1.55371725  -0.55554824  1.08113622  
1.50644554   -1.27436981  -0.24759634 
# New molecule
-0.06197473  1.78477594   -0.87585659 
1.27784988   0.42957083   -1.47279212 
1.40862229   -1.70062773  1.72815988  
1.87567591   -0.64736108  0.09501586  
1.46551270   1.29800048   0.31907411  
-1.52867911  -1.11233053  -0.60999801 
-0.65290761  0.15707172   -1.87653266 
-1.75721445  0.86190268   -0.36890083 
-1.52174391  -0.31953444  1.22788571  
# New molecule
1.64364236   -2.00412343  1.37225091  
1.13715077   0.49414802   -1.56591477 
1.91714053   -1.17774843  -2.34621127 
-1.35718039  -1.25150219  1.30901383  
0.07669485   -1.18837837  -1.59793378 
0.07050484   -2.03551120  0.18298541  
-1.65168074  -1.53105738  -0.63923248 
-1.61635584  -1.34855100  -2.62589225 
1.67384913   -1.01651434  -0.37572672 
# New molecule
1.49100693   1.32032155   2.54498384  
-0.21906368  1.22954245   1.53596131  
0.11087754   -1.87731880  0.61017149  
-1.03523451  -0.58264065  1.61234426  
1.52912783   1.12902089   0.56023110  
-1.12077333  0.12848530   -1.63213744 
-0.00532771  -1.50533525  -1.35900916 
0.94535368   -0.40789645  1.69752108  
-1.59174606  -1.18603895  -0.19735661 
# New molecule
1.15951114   -1.19086205  -1.03273150 
-0.23755005  -1.62727111  1.06209986  
-0.39529744  1.69281391   -0.89076105 
-0.51345538  2.02065164   1.96134565  
1.41586447   0.81105206   -1.09905629 
0.18634901   0.15600812   1.95340410  
0.93351478   1.56160761   0.68070354  
1.56707968   -0.78048805  0.88225821  
-0.17556517  -0.00121989  -1.96971059 
# New molecule
-1.16679492  -0.38985586  1.63250888  
-1.55119939  1.55105265   2.32756442  
-0.34362594  -1.39306597  -1.33882616 
0.80368822   -0.24846194  1.80350568  
-1.85076206  -0.79246601  -0.19365431 
-2.11239364  -1.04675191  -2.17019065 
-1.60088651  1.08703698   0.40264387  
-2.20678771  2.25573557   -1.04352671 
-1.16952948  0.55827071   -1.48513330 
# New molecule
-1.54589151  -1.09735552  0.45088941  
1.10136719   -1.66992262  -0.07060837 
-1.52293907  -0.45367742  2.32689999  
-0.13068631  2.38211806   0.94794491  
0.13150686   -1.21272949  1.57712999  
-1.38060265  -2.44387388  1.88227166  
0.38896953   -3.10791955  1.15158986  
0.09053928   0.69475708   1.93565747  
-1.54722406  0.89270565   0.84730912  
# New molecule
1.42623341   0.77860965   -1.14117554 
-0.53168892  -0.53466156  1.83638515  
-1.60605383  -2.01914832  1.08122787  
2.31118502   1.62269665   0.43142097  
0.37348648   1.95209186   0.08011693  
2.03251061   -0.35000463  0.37996358  
0.92948687   0.78046054   1.58468021  
1.35529080   -1.09904776  2.08897317  
0.32182744   -1.84619307  0.56251039  
# New molecule
-0.18692991  -1.84548501  -0.64730411 
0.81281491   -0.61383903  -1.82883823 
-2.44775307  0.61075433   1.32680074  
-1.12276381  -0.35825994  -1.64415708 
1.81032517   0.53043892   -0.59318860 
-1.76337544  -0.84371205  0.16268385  
-1.58495645  1.10746044   -0.40237225 
0.10941246   1.23384704   -1.50810872 
-0.59406020  1.33027529   1.32029446  
# New molecule
1.03538806   1.75560484   1.21149996  
1.72293138   -1.34425765  0.09502663  
-0.04563800  -1.89666551  -0.57475534 
0.58176843   -2.53713502  1.20836013  
2.33510763   -1.85081017  1.91481636  
0.78961359   -0.63536951  1.72347522  
-0.97703728  -1.28480668  1.11533106  
2.37504864   0.26659591   1.02946980  
-0.61498646  0.71658737   1.73970222  
# New molecule
1.57183869   0.38478968   -1.09844338 
2.64516584   -1.59981367  1.35549407  
0.98663226   1.67099825   0.29001380  
1.44992062   -0.01510641  1.32203176  
0.26638898   -0.96659616  -1.71322030 
-0.06020727  -1.28398902  1.53247841  
-0.76100452  -1.82659647  -0.24799766 
1.20394338   -1.52260718  -0.00472307 
-0.26199948  0.98967602   -1.69706481 
# New molecule
-1.29307862  -1.15298809  0.94977003  
0.47955160   -1.74611150  1.61037487  
2.04564988   2.04400940   -1.95283247 
0.15349502   -1.17694407  -1.59441816 
0.22757555   0.76994175   -1.89068865 
1.77239970   -0.04143179  -0.99783292 
1.33128738   -1.77331562  -0.15165824 
1.04489194   1.64444658   -0.27803012 
1.65781783   -0.20474259  1.01482426  
# New molecule
-1.00027762  2.18661442   2.03448919  
0.61521903   1.28301866   1.33638063  
-1.38140649  0.40572155   1.33026418  
-0.80002901  1.82965343   0.05549718  
-2.69400152  2.06894002   0.53955309  
1.33211341   -1.36184627  -0.53915964 
1.02882896   1.56957048   -0.64041747 
0.71326988   0.01919420   -1.85480076 
-0.53352020  -1.43003605  -1.26997882 
# New molecule
0.88616632   1.48300039   0.91195574  
1.20856322   -0.91262236  -1.26447302 
1.72494364   -0.55666766  0.65564225  
-1.11022025  1.15955460   1.16230460  
-0.42145586  1.83742136   -0.58584983 
-0.23627347  0.34136598   -1.92472890 
1.36830520   1.04561082   -0.96372118 
-1.38899754  -0.82359752  1.14348109  
0.26837237   -0.07672080  1.96460460  
# New molecule
-1.42348594  0.96379182   -1.01684613 
-0.87324670  -1.50359201  1.51398924  
0.45706333   1.60290353   -1.11727345 
1.05274951   -1.18036789  1.13251576  
-0.57568840  1.77348494   0.60364004  
-0.25904127  0.32059391   1.91766861  
1.39323883   1.19826254   0.59887822  
0.61528858   2.07723684   2.18516299  
-1.82580788  0.12394001   0.73800899  
# New molecule
0.74600152   0.13977062   -1.80771390 
1.28564280   1.15654491   0.90097821  
0.28335553   1.78486212   -0.72474553 
1.64703643   -1.07627775  -0.49280751 
-1.09107723  -0.58106928  1.55649583  
0.27380637   -1.79272839  0.76117552  
-1.75321823  -0.82738495  -0.30507004 
-0.13895075  -1.57119079  -1.20125368 
-0.71405300  1.35246736   1.20465136  
# New molecule
2.56302587   2.86947439   1.36699080  
1.89432585   -0.52005791  -0.38247135 
0.52218803   -1.92607962  0.01934842  
1.34184576   -0.86874443  1.49640735  
0.27986454   0.49360035   -3.07670049 
-1.09171839  0.29771765   -1.63613136 
1.82227629   1.37871093   0.19879019  
1.63376990   1.04016705   2.11744037  
0.47108085   -0.93872875  -1.70668142 
# New molecule
0.81998562   0.32759042   1.74652156  
-1.39950943  -0.27781499  1.43804074  
1.89173494   -0.00953888  -0.54041296 
-0.64264781  1.52657080   1.14988822  
-0.51781037  2.27827520   -0.68217578 
-1.61787470  -0.96594192  -0.49716870 
-2.61234688  1.29222358   1.22929663  
1.12645607   1.63810245   0.26304460  
0.15311371   -1.49532533  1.27392674  
# New molecule
-0.15350585  -0.81034524  -1.77911086 
1.75497044   -0.13837102  0.83979244  
0.22960579   -2.75927709  -1.67944218 
-0.65615576  -1.87365042  -0.12770897 
1.44440438   0.34016076   -1.26887310 
-1.38875580  -0.61975009  1.24811132  
0.14620354   0.53556315   1.88371855  
-1.80664472  -0.36929935  -0.71478458 
1.24547906   -1.49092224  -0.52094674 
# New molecule
0.58101005   -0.31423737  -1.84487895 
-1.04387681  1.59182286   0.53274642  
2.10385691   0.53527364   -0.92108798 
1.03809581   1.59405843   -2.22030885 
1.64223077   0.40888475   0.98422744  
-0.72597672  1.16489149   -1.41460428 
0.76902004   1.80151299   -0.25541523 
1.07745462   2.19314523   1.65666059  
1.51702362   -1.22009867  -0.25961300 
# New molecule
-1.96752318  -1.35106171  2.29123179  
1.28462258   -0.14565411  1.46619926  
-0.43836962  -1.61183243  0.99452703  
-1.84010424  -0.19691571  0.68419682  
-2.31031149  -2.13686932  0.50036592  
0.29146851   0.60187233   -1.85828258 
0.77864978   -1.25945015  -1.28808664 
-1.17172290  -1.29778835  -0.88048737 
-1.54378717  0.64753009   -1.09080668 
# New molecule
-1.45740345  -0.99891925  -0.90713756 
2.21141213   -1.17533492  -0.53698340 
0.33330784   -1.85570288  -0.60647960 
0.81853318   1.53072798   -0.92634852 
1.87259818   0.51944544   0.43439504  
0.34384130   1.64646168   1.04004698  
1.51711158   -2.00080750  -2.21171871 
0.03042298   -0.67892203  -2.18615384 
-0.99494204  0.87624944   -1.46581530 
# New molecule
1.34583224   0.15772698   -1.41155779 
1.03468200   1.95248057   -2.21013465 
-1.24149296  -0.38606750  1.51522931  
-0.45688146  1.65973452   -0.93038537 
0.65153752   0.23945321   1.82592028  
1.40351367   1.76158378   -0.24678674 
0.27237199   -1.61469960  1.14963127  
-0.74839285  1.48269566   1.06642022  
1.81551638   -0.61870515  0.40300537  
# New molecule
-1.34601206  -1.14961150  0.89081715  
1.20656505   1.47069651   -0.55010256 
-1.84714645  0.66819958   0.19840374  
-0.75294601  0.47451576   1.87616178  
-2.70455992  -0.04625000  1.84552150  
-0.66965595  1.35254809   -1.28227533 
1.14547414   0.85924516   1.36766133  
-0.35282723  1.91849499   0.59337243  
0.51922205   -1.02886850  1.61674413  
# New molecule
0.51512119   -1.54193053  1.13575999  
-1.54100937  0.68151284   1.04951675  
1.46569065   1.10421069   -0.74102515 
0.15010195   0.21557463   1.98962995  
0.53040748   -0.24994642  -1.89222050 
2.18576504   -0.75197929  -0.91196611 
-0.01555438  -1.81536722  -0.76197223 
-0.43142069  2.11729603   1.90406198  
1.78214713   -0.01359055  0.88465722  
# New molecule
-1.55901470  -0.62329732  -1.05211672 
-0.68224639  1.07217600   -1.57456571 
-1.23809586  -0.22182963  -2.98007899 
2.03831106   0.12798491   1.93038698  
0.32199678   -0.66085185  -1.81672723 
1.82999007   -0.65104141  -0.45256765 
-1.71781386  0.99759222   0.11826817  
0.92646644   -1.33622413  1.16129264  
1.26490582   1.03263333   -1.31423771 
# New molecule
1.53709815   -0.04466733  1.26791747  
0.08182935   -1.37663452  1.41164522  
0.34678206   0.10241895   -1.95016017 
-0.10530178  1.75018512   -0.90746796 
1.87617981   -0.08303886  -0.68933440 
-1.46387400  -0.10778905  1.32546047  
1.68159257   1.57494373   -1.76662236 
1.52574562   1.64449037   0.22340985  
0.63109827   -1.60656645  -0.93260291 
# New molecule
0.66527634   1.02606097   -1.56074223 
-1.29260896  -1.91966280  0.76512880  
-0.02331298  -0.76608255  1.81667964  
0.57155306   1.14857808   1.48218913  
1.72841746   -0.39211378  0.94728192  
-0.40233299  1.91626019   -0.13037299 
1.55754981   -0.67514323  -1.02501726 
0.62096539   -1.88101439  0.26042869  
-1.18827599  0.34930478   -1.94372754 
# New molecule
0.77749057   1.50594696   1.03381245  
0.53276720   -1.85082328  -0.47654089 
-1.06871790  1.71447297   0.36962703  
-1.27656147  -1.24311053  -0.95390127 
-2.01233872  -0.01228064  0.39021786  
-1.28887005  0.71240359   -1.33140706 
-0.80976009  -1.47715583  1.00002990  
-0.70405096  0.39399991   1.82278710  
0.42379072   1.68867111   -0.94129659 
# New molecule
0.12407100   1.98307720   0.16813478  
-1.54540746  1.12727434   -0.45680214 
0.66386885   -0.86345969  -1.64996793 
-0.95215477  0.83821786   1.47095654  
-1.04185703  -1.17693201  1.15163109  
1.28995357   0.96577264   -1.11953178 
0.58585029   -1.87513010  0.07862850  
1.06117166   0.81420464   1.45124338  
0.79887502   -1.09259795  1.88153321  
# New molecule
-0.48912470  -1.38278597  -1.33634038 
1.93811218   0.39217304   -0.06677641 
0.75698450   1.27181468   1.29901600  
-2.43633037  -0.99367653  -1.15493430 
-0.66592126  -0.04228573  1.86010775  
1.26964786   -1.45994267  -0.41227386 
1.16809764   -0.69632728  1.43027573  
-1.33891340  -1.34779942  0.48414589  
0.91006447   -0.00256208  -1.75032277 
# New molecule
0.59915702   1.77431305   -0.60809940 
1.32668574   0.07276399   -1.41827952 
1.64433097   -0.90416819  0.70902516  
1.93791987   1.44619908   0.96587827  
-0.54686715  0.62861948   -1.79957113 
-0.16042313  -1.42586534  1.38614396  
0.70278207   0.27612650   1.97221468  
2.27020104   -1.63530598  -1.03229129 
0.36754476   -1.86622328  -0.48654728 
# New molecule
0.54088599   1.86004844   -0.54638552 
-1.26234965  1.10899949   -1.15629903 
0.78675627   -1.30782590  -1.23702203 
1.02928973   1.14399049   1.22937247  
-0.48708200  0.00179765   1.89744205  
1.32201384   -0.82395443  1.15492601  
0.46642648   0.48942142   -1.93349948 
-0.90096441  1.58867865   0.77340647  
1.84963627   0.30853417   -0.45961343 
# New molecule
1.93567069   0.31948245   0.26244198  
1.20348131   -0.07561495  -1.56295114 
1.08567100   -1.41952655  0.76892702  
1.68412863   -1.92585275  -1.03791611 
1.34808750   1.79938278   -0.93345600 
-1.38088422  -1.37196168  0.26228126  
1.05995553   1.88266443   1.20470267  
-1.54737527  0.05388693   -1.20350846 
-0.21624565  -1.44655726  -1.33596656 
# New molecule
-0.62798042  -3.05788874  2.27130594  
1.56848608   -0.32572458  1.19954716  
1.76532321   1.28413462   2.35886739  
-1.75856506  -0.45748357  0.73450447  
-1.19848624  1.48587737   0.45822834  
1.20582334   1.47766319   0.45154420  
-0.13005871  -1.27732358  1.54147156  
-1.40517719  -2.41873988  0.54089244  
-0.05923345  0.67262331   1.84894410  
# New molecule
0.61418270   -0.81527515  1.70688257  
-1.52755552  1.25080103   0.14900810  
-0.38001741  -1.53574977  -1.30154663 
1.07264275   -1.74432037  0.01132775  
-0.84174504  -1.67269143  0.62796215  
-1.25319973  0.21735061   -1.53831296 
1.51867025   -1.79803299  -1.92173142 
0.73215748   0.01758609   -1.83309296 
-0.01074800  1.69828906   -1.07696831 
# New molecule
-0.87636466  1.64102011   -0.70095896 
0.49701203   -0.54737417  -1.82420457 
0.42867294   -1.90005499  -0.34403463 
-1.04340594  1.09097274   1.23231472  
-2.65843329  1.61849476   0.22747537  
1.02950957   1.25709056   -1.13761177 
-1.28473895  2.99681710   0.69750099  
-1.88266815  -0.05673047  -0.50948277 
1.35736110   -1.46791220  1.38798530  
# New molecule
2.35826142   1.47874277   -0.72810985 
-0.86896537  1.01937528   -2.00730412 
-1.46318124  1.32623490   -0.13266490 
-0.00581893  1.76990059   1.15364221  
-1.23674937  0.26536593   1.55228446  
0.39981997   1.82315446   -0.75864743 
1.35292800   1.40221938   -2.45708922 
-1.85481033  -0.65982560  -0.09561954 
1.55888942   2.82618749   0.50882550  
# New molecule
1.86700599   0.05879979   0.63697906  
-1.55145315  -1.65379397  0.38122898  
0.53972126   1.38579304   1.28035258  
-1.96667652  -1.58910221  2.33266283  
1.46911431   -0.47254788  -1.23694272 
1.17907590   1.43635567   -0.65483279 
0.93441046   -1.70151428  0.27279078  
-0.19813297  -0.90751918  1.71115864  
-0.72465690  1.83810269   -0.19769300 
# New molecule
-0.25603364  -0.42985227  1.92009203  
-0.53664564  0.55353002   -1.81447163 
0.22891156   1.89684890   -0.52301181 
1.17716959   -1.50202018  1.09498676  
-0.68974599  -1.79165019  0.48781563  
-1.32503019  -1.23375499  -1.31917349 
-0.31486059  1.46042200   1.33086106  
1.43325031   0.49096597   1.21326008  
1.40392892   0.49079213   -1.28245351 
# New molecule
-0.11804611  -1.20423972  1.55365437  
0.74095037   2.26401361   -1.45280295 
1.20726886   1.56737842   0.32602581  
-1.90043651  0.22056991   -0.67490937 
-0.73842074  1.77689181   -0.11807713 
0.25507938   0.75644359   1.83469753  
-0.39153918  0.70667640   -1.82328828 
-1.53130942  0.21218159   1.24806157  
1.48857415   0.41232112   -1.26002358 
# New molecule
0.39010495   1.13524536   1.55598514  
1.75525370   -0.72731507  0.48813635  
0.02812828   0.77533346   -1.78671744 
-1.76487184  1.57774074   -2.21704292 
1.55893866   1.18087127   -0.06716687 
-1.69575842  0.01315139   -1.01050059 
0.21531320   -0.85562607  1.76834678  
-0.22806314  -1.22124230  -1.53364636 
1.88824534   0.08165489   2.29516071  
# New molecule
1.22203127   -1.06094099  -1.16978535 
0.17676245   0.46991993   -1.89242856 
-1.17256582  1.54817975   -0.10653126 
-1.77578739  0.37854866   -1.76336750 
-0.76559235  -1.25539000  -1.29324651 
-0.32601945  1.05013629   1.64220227  
0.22606200   -1.94698617  0.30752775  
-1.92737192  -0.31999943  0.08159726  
-0.80483550  -0.87517931  1.61522843  
# New molecule
-0.18017238  -2.24472831  1.38563501  
1.38353439   -2.31445257  2.62734477  
-0.67876935  -0.38454304  1.81439487  
-0.25426521  -0.59695887  -1.85502176 
1.21293814   -0.82158798  1.32705536  
-1.09060722  1.10353222   -1.24204529 
1.52127668   1.04770491   0.70685549  
-1.82981592  0.60436429   0.53292500  
-1.43136842  -1.31078722  0.13985745  
# New molecule
-1.25967292  -0.87830690  -1.20406751 
0.61318501   1.64786783   2.63062027  
-0.72000410  -1.64628266  0.73884026  
1.42345922   0.82313932   1.03907435  
-0.59122130  1.52743147   1.05590639  
-0.05579848  -0.14903129  1.96663234  
0.50711969   -1.73381006  -0.83330256 
1.25902625   -1.20042746  0.93494378  
-1.85891196  -0.01712101  0.54670264  
# New molecule
-1.34804996  -0.67501811  -1.26947304 
1.15462364   -1.53867059  0.43644060  
1.69237786   -0.23345843  -0.99531971 
-1.86640743  -0.14990123  0.59141977  
-1.36643110  1.25601700   -0.72579234 
-0.63269212  1.45626654   1.12392470  
0.09422348   0.56734305   -1.89785251 
-1.53471155  0.34077689   2.48854582  
-0.38633016  -1.02510006  1.62418133  
# New molecule
-0.09806864  0.71789749   1.83066271  
1.93432224   0.36657264   -0.39507467 
-0.28942329  -0.78796101  -1.76897229 
0.48413282   1.08712572   -1.55796746 
1.37910944   -0.52732576  1.28830518  
1.18201984   -1.46976811  -0.52656356 
1.47130437   1.86490706   2.19810215  
1.59859180   -0.43976451  -2.18618371 
0.75675572   1.77718568   0.34043487  
# New molecule
-0.90909788  1.49063678   0.90339448  
-1.53440094  -1.89395922  -0.90981434 
-0.93827414  2.86626027   -1.57640897 
-1.90847547  -0.36249609  0.33003489  
0.65123668   1.27797469   -2.48389492 
-1.45727354  0.08920090   2.19938648  
0.42212312   1.84400238   -0.56477070 
-2.66377071  -0.36722859  -1.51912531 
-1.37573169  1.04037687   -0.97114393 
# New molecule
1.90434307   0.55603900   0.07416104  
0.52926548   1.51060739   1.18140317  
-2.44126552  -2.28229667  -0.42454061 
-1.22554856  -2.69663791  1.65411191  
-0.74116961  -1.50019746  -1.04511372 
0.34521389   -1.92199040  2.60819479  
0.27036357   -1.87436751  0.61786577  
1.06247931   -0.35452800  1.63672197  
-1.51364150  -0.96910175  0.76198484  
# New molecule
0.35164399   -0.26140035  -1.92137024 
-0.86278251  1.21016220   -1.35809460 
0.54947916   1.89699398   -0.14917459 
1.64956114   -0.93697609  -0.58658751 
-0.17317432  -1.81640012  -0.73073994 
-1.68125462  -0.53342802  -0.90937926 
0.70965890   -1.55827643  1.04193319  
-1.25106716  -1.28902021  0.87482455  
1.22138584   -2.20336409  -2.06138260 
# New molecule
-1.17244161  -1.64574909  0.03514790  
1.19548959   -1.03209960  1.15958486  
1.76337554   0.81343264   -0.05100007 
0.65602615   0.82597728   1.65823501  
0.71350370   -1.74584055  -0.61726764 
-1.23875638  1.10792901   1.02478618  
2.01807870   -2.75398935  1.71019955  
-1.81271334  0.07980139   -0.72670729 
-0.68574511  -0.68204456  1.71845074  
# New molecule
0.23644646   1.63268008   1.15198528  
1.61577672   -1.06573855  -0.31848517 
-0.49083062  -0.03060976  1.93102084  
-0.19312271  -1.81917928  -0.76658091 
-1.51222842  -1.12446684  0.57841414  
-1.30902378  -1.76687532  2.44614023  
1.43642330   0.04954886   1.32843353  
0.33702983   -1.63419524  1.13820819  
1.12247371   1.48462254   -0.61509631 
# New molecule
1.90183520   1.68059757   1.83442473  
-1.86870156  2.25831702   1.31548648  
1.26704138   -0.16843849  1.45790286  
-1.52321946  0.24694307   1.22110994  
0.00537894   1.51516500   1.25411286  
-1.22746277  1.47717972   -0.36799088 
0.20691825   -1.77703430  1.92650888  
-1.07650059  -1.57393321  0.43782811  
0.95121728   -1.70762350  0.10760543  
# New molecule
1.79430904   -0.34297101  -0.83078951 
1.53114699   -0.17662377  1.17879655  
0.30005611   0.29698745   -1.94725841 
-0.66018238  -0.00109855  1.84351160  
0.89514123   -1.79745266  0.11577708  
1.30855793   -2.06007897  -1.83433974 
-1.00215847  -1.57989999  0.65833996  
-0.48047393  -1.41965094  -1.27521337 
0.45863051   -1.61730633  2.02757297  
# New molecule
1.03038052   1.64295506   -0.30723132 
-0.87935915  1.61941520   -0.83962479 
-1.71994400  -0.19752561  -0.91190130 
1.70256358   -0.13007736  -0.97633949 
0.56501114   -1.59770924  0.99696906  
-2.85059705  1.41390161   -0.61449207 
-1.59944380  0.84021722   0.82853884  
-1.38814542  -1.12884282  0.85114737  
-0.01716630  0.22894208   -1.94649094 
# New molecule
-0.77244522  -0.37001048  1.74941827  
0.26429255   -1.51727258  -1.19372702 
-1.84418311  0.54975030   0.35674158  
0.05515680   1.45558841   1.28423776  
-0.61933681  1.75814890   -0.61831048 
0.31560313   -1.77824421  0.80789620  
-1.40802878  -1.36641368  -0.09020742 
1.20531546   -0.15784444  1.56724545  
-1.21476997  0.01225833   -1.51354489 
# New molecule
-1.63792360  -0.98305165  0.26665810  
-1.17652335  -1.81725339  2.00541037  
0.11745673   -1.91656910  0.52136843  
-1.41531041  0.20420715   -1.32608255 
1.00521199   -0.50566567  1.60331601  
-0.78141458  0.43482353   1.71315040  
1.66304298   -1.00134603  -0.29014669 
-0.05224849  -1.34288882  -1.38742750 
-0.99891651  1.66649528   0.07211836  
# New molecule
1.65128982   -2.23576703  0.08026057  
0.77869525   -1.15726392  1.49040372  
-0.32585568  -1.92730682  0.02090288  
0.32171226   0.74732434   1.78422331  
-1.36357866  1.19893799   0.80455485  
1.94593750   -0.24135722  0.19465681  
0.94806840   -1.06646157  -1.33739944 
-1.13043187  -0.67683932  1.45970074  
0.06326670   -2.54448209  -2.30654092 
# New molecule
3.60325050   -0.02409391  1.23850368  
1.35094771   0.49976463   -1.38621244 
1.90257044   -1.05890526  1.60808010  
1.87894955   0.57694762   0.50670902  
0.50704395   1.95607362   0.40774435  
-0.39411691  0.82686497   -2.23522540 
2.15907778   2.15843623   -0.69381525 
0.11600774   -1.03372541  -1.70091213 
1.58420560   -1.18652024  -0.35381409 
# New molecule
0.58322842   -2.26278862  -2.19862119 
1.42415796   -1.06841204  -0.81557273 
1.49171350   0.25782209   1.23187714  
0.39493925   1.83510044   0.57448055  
-0.39753036  -1.86628651  -0.50005749 
-0.41038411  0.51163466   1.85983064  
-1.51859564  -0.88820899  0.86736009  
-0.15930622  -0.44951659  -1.90979542 
1.44337732   1.98317367   2.24156353  
# New molecule
-1.05435729  0.59573901   1.52818521  
0.44395599   1.72487492   0.82236051  
0.40680531   -1.67229715  0.92837748  
-0.78925174  0.11828431   -1.77549579 
0.56521354   1.48003743   -1.16937159 
-0.85987709  -1.61277620  -2.77636150 
0.20222491   -1.58898454  -1.10282206 
-1.23336739  1.48475554   -0.29500236 
1.46324505   0.02114614   1.28419200  
# New molecule
1.85291374   -0.48575541  -0.35663936 
-0.86495610  1.50914406   -0.98973267 
-1.38015978  -0.37786987  -1.35258060 
-1.19881765  -2.36005327  -1.19214041 
0.83459020   0.71125239   -1.63577242 
1.38712101   1.23401501   1.39058122  
0.40963301   -1.21433740  -1.56728251 
0.51278748   -1.88615710  0.28234995  
-0.51449011  1.66055683   0.96295348  
