# Array shape: (20, 9, 3)
# New molecule
1.08592563   -1.20300809  -1.22338874 
-0.18078234  1.51603651   1.65645276  
0.78456425   1.82600635   -0.01978875 
2.85369230   -0.33546978  -1.52059637 
0.95805706   -1.68111882  0.65761559  
0.82216062   -0.15196028  1.85076581  
1.92212303   0.07498623   0.18462627  
1.14977349   0.71193781   -1.57280328 
1.85501408   1.50557412   1.59917838  
# New molecule
1.21585531   1.22511327   -0.90131942 
-1.37120710  -0.84831896  1.10153380  
0.56378484   -0.64109250  1.73369493  
-0.46785435  0.47301972   -1.83303144 
-1.85522175  0.52264196   -0.31508290 
1.08879038   1.22016205   1.12106678  
-0.87433802  1.08293411   1.35842550  
-1.51132318  0.01126639   2.87662225  
1.92366338   -0.32829483  0.21220237  
# New molecule
1.53375689   1.02290836   0.69978765  
-0.31584109  -1.64131363  1.00429234  
1.59639864   -1.03384566  0.43788281  
-1.77807308  -0.81621489  -0.13862855 
-0.23144496  0.23994321   -1.92881375 
1.61950866   0.22626763   -1.12392765 
0.65963780   -0.20560539  1.96603583  
-1.23358593  0.11022664   1.54324242  
0.40174308   1.76976092   -0.78172182 
# New molecule
-2.89701706  -0.25790637  0.50223137  
-1.18324664  -0.49369701  1.48456911  
-0.10625227  -0.70745547  -1.83382347 
-0.78420684  -2.38239177  1.10350796  
-1.43969100  -1.24651491  -0.39647675 
0.73537093   -1.13370816  1.42059677  
0.43706873   -1.93225573  -0.37648331 
-1.52289861  1.16918830   0.41841784  
1.68843973   -0.48054438  -0.88448547 
# New molecule
-0.63401750  1.82370404   -0.30381424 
1.01557232   0.04814894   1.69468874  
-0.70613431  1.05545769   1.53289408  
-1.92550150  0.02816090   0.31691131  
0.88081282   -1.65557510  0.63488197  
1.01333774   1.16421210   -1.23722431 
-2.32479741  1.91467204   0.71628339  
1.97805541   -0.12876103  -0.05128420 
-0.72329964  -0.93829270  1.59513789  
# New molecule
-2.18122172  -2.35806663  0.07763353  
0.01417059   1.93087923   -0.32995531 
-1.69449739  0.96452160   0.22394248  
-0.24125762  -1.95266140  -0.12936693 
0.53111301   -1.14938327  1.52109652  
1.59939511   -1.12250909  -0.18537040 
-1.61736144  -0.70402001  -0.88841367 
1.49487776   0.72048294   -1.04290313 
-1.40381051  -0.83614545  1.09704628  
# New molecule
1.02679703   1.45085786   0.92805200  
-0.37268995  2.84557948   1.33984164  
-1.66407694  -1.02664803  -0.32110066 
-2.03793851  0.87000280   0.09832658  
-2.41920748  -2.13622417  1.15655404  
-1.09842471  0.42664342   -1.59374564 
-0.77762423  -1.05977183  1.47450152  
-0.40783967  1.87746395   -0.38486760 
-0.76336971  0.92382533   1.57715511  
# New molecule
1.83292316   0.73853540   0.11290556  
-1.17411919  0.26307425   1.53081398  
-1.92239562  -0.09103906  -0.50939373 
0.32814949   1.60188778   1.11886552  
1.27898229   -0.38952284  -1.45687813 
-0.54171742  -1.23344920  -1.42010312 
-2.32047672  -1.99467386  -0.95628227 
-1.38576676  1.67058838   0.15058389  
-1.11451865  -1.52140072  0.56400252  
# New molecule
-1.73944391  -0.84206175  0.40237609  
0.09768394   1.97894428   -0.04852117 
-1.29085568  -0.56793248  -1.51027385 
-0.18296368  1.02876415   -1.75901455 
-0.36934485  -1.99713752  -0.53090361 
0.69765226   -0.75754843  -1.68506068 
-0.08086857  -1.45459309  1.35089801  
-1.64231011  1.02372612   -0.37637220 
1.57083340   0.85257113   -0.84629154 
# New molecule
-1.91853333  0.55179745   -0.14363849 
-2.08562863  -1.33192471  0.38597450  
0.96701046   1.57601340   1.91542962  
-0.65293435  1.70699716   0.81940107  
0.86803708   -0.36893930  1.74189222  
-1.11199543  -0.07127160  1.61182077  
-0.51647998  1.53231552   -1.16592590 
-0.23924112  -1.76427375  0.90488235  
1.14347999   1.61029325   -0.06041183 
# New molecule
-0.20435540  0.41581491   1.92998377  
-1.82138726  -0.12647349  -0.84163403 
1.18122295   0.08488494   -1.59478952 
-0.31787246  -1.25390805  -1.49243931 
-1.55308285  -0.73954688  1.01717826  
0.27450422   -1.44005598  1.34370987  
-1.45005984  1.21764032   0.58117855  
1.30491403   -1.46914384  -0.35480726 
-0.62432819  0.58572231   -2.24783715 
# New molecule
1.76587843   0.88165946   -0.32908727 
-1.74309936  -0.18489363  0.95688478  
-1.75292797  1.38676796   -1.79178563 
-0.10235592  -1.02483350  1.71933666  
0.15487153   1.55109316   -1.25773828 
-0.30018899  0.96019360   1.73674197  
1.48351508   0.15096636   1.48263250  
-1.26744807  1.55696408   0.12492381  
-0.91502941  -1.76390406  0.05788199  
# New molecule
-1.10531411  -0.40260970  -1.59940991 
0.80512594   0.16999596   -1.80543994 
-1.89446775  0.57463760   -0.05343985 
0.22885375   1.87074422   0.56042354  
-1.24355188  -0.64201389  1.39445367  
-1.59826270  2.53519897   0.12247952  
-1.31145616  1.32328694   1.67884877  
-0.56825061  1.48510857   -1.22036638 
0.41716948   0.37947061   1.89585246  
# New molecule
-0.85599229  1.61407588   0.75563194  
0.18846005   3.28753544   0.73437078  
-1.31585460  -0.47930566  -1.38076251 
0.84433436   1.74615609   -0.32060925 
-0.83720217  -0.07357483  1.83181407  
0.76745877   -1.13140356  1.40332556  
-1.03676106  -1.56951245  0.47035720  
-2.07484654  0.12630471   0.31960804  
0.85765833   0.93103802   1.51347134  
# New molecule
1.28304758   0.81674902   -1.28070924 
-1.69256486  1.66981957   1.27204113  
0.16578878   2.38476857   1.97608684  
-1.80078975  -0.26255047  0.75725716  
1.23307173   1.33642084   0.66968480  
-0.27899764  0.46380173   1.88477435  
-0.27336149  -1.45162142  1.30742907  
1.91827599   -0.47585023  0.08569619  
1.37377035   -0.55881189  1.97399242  
# New molecule
1.08904646   -2.03767653  0.38409670  
-0.11958333  0.25612115   1.96038850  
1.80340424   -0.24337685  0.75164289  
0.95315853   1.53691957   0.92065936  
1.41037048   -0.82339769  -1.13929926 
1.74106645   0.59705019   2.53262733  
1.91525328   1.04792654   -0.74506335 
1.06819024   -1.29691311  2.24728029  
-0.62215082  -1.48673146  1.18129553  
# New molecule
-1.68212735  0.56440062   -1.75581385 
0.29220676   0.56710674   -1.88318524 
-1.71442086  0.74164653   0.62697206  
1.75576405   0.76541600   -0.53723171 
-1.89302094  -2.58829674  0.58872412  
-1.69988832  -0.92653776  -0.47939188 
-1.02795990  -0.97588042  1.39843804  
1.21828646   -1.04722091  -1.18973462 
-0.09253768  -1.99738789  -0.04627425 
# New molecule
-1.59490828  -1.17456519  0.00093263  
1.86498362   -0.33483109  -0.48392884 
0.58712771   0.35869532   -1.86077596 
2.08247185   1.50679482   -1.25724017 
0.57891699   0.01793766   1.88735639  
-0.16589915  -1.41782084  -1.37889517 
-2.09564046  -1.58527077  -1.88759907 
-1.35355808  0.20442592   -1.43541244 
1.36769543   1.30253132   0.57692498  
# New molecule
0.99609847   -1.79517131  1.18871913  
-0.08715981  -0.31393321  1.91671094  
-1.73974562  0.37494445   -0.86964591 
0.04370237   -2.41874644  -0.39705242 
1.72904366   0.00754839   0.94647522  
-1.44292212  -1.27688360  0.22265493  
-0.47421407  -0.98094706  -1.62039952 
0.45035007   1.49756668   1.22434130  
1.43863440   -1.05566658  -0.76713283 
# New molecule
-0.43033291  -0.98776860  -1.65617143 
0.83640333   -1.73660188  -0.28795094 
2.68436280   -0.04797932  1.44558762  
2.39395891   -1.95334063  0.88808007  
1.89244429   0.09991315   -0.36049591 
0.87655058   -0.85679913  1.51632263  
1.52795395   -0.97127945  -1.96509801 
0.00497159   0.97263465   -1.69735659 
0.85765761   1.78133195   -0.06522001 
