# Array shape: (2, 9, 3)
# New molecule
0.20286577   1.75171654   -0.91210995 
1.56234759   0.29704448   -1.15463861 
-1.11777685  -1.63698294  -0.11594003 
1.54899486   -0.64873075  1.02252550  
0.69261414   -2.27672836  0.31963192  
0.40764382   -1.32218878  -1.40216107 
2.24576438   -1.48467001  -0.63806791 
1.44128865   1.27603787   0.57410166  
-1.88561538  -0.47979351  1.31168064  
# New molecule
0.01890904   -1.82758314  -0.65637396 
0.63356495   -1.33586634  1.26926968  
-0.27786168  1.64582474   -1.00552107 
0.52152194   -0.04116443  -1.87441369 
-1.43088413  0.95288273   0.93381075  
0.35311403   0.62224958   1.82751731  
0.12132929   -3.19723090  0.79285917  
0.12203005   -1.83656156  -2.64552884 
1.92571864   -1.44927476  -1.86998196 
