# Array shape: (20, 9, 3)
# New molecule
1.32014262   -1.00043659  -1.09204352 
-0.63433594  -1.18151524  -1.45891708 
-1.60025151  0.64132861   1.05871758  
-1.67446212  0.45995243   -0.93266857 
0.24603015   1.11537600   1.61284362  
-0.39236285  -0.79031278  1.76258748  
-0.55421349  1.89575348   -0.06944613 
0.16598049   -1.96196228  0.22353038  
-1.64433131  -1.15457503  0.24660837  
# New molecule
1.20094700   -1.39657647  0.72851793  
-0.62216499  -1.89612584  0.14859152  
1.70546431   -1.25538928  2.63508880  
-0.14289541  -1.87615723  2.09867903  
-1.50694491  1.22615337   0.44037157  
-1.41078460  -0.53204495  1.34172294  
1.84970296   0.46269663   0.69176491  
0.37611681   0.03233250   1.94187402  
0.34359846   1.74027012   0.93133796  
# New molecule
-0.49790051  -1.63573754  -0.98270474 
-1.21120623  0.08462297   -1.62252766 
0.43667815   1.20026373   -1.50321376 
0.65450273   1.82491571   0.39297988  
-1.93168981  -0.14751506  0.23250234  
1.35916536   -1.41053535  -0.27632081 
-2.46429076  -1.41775130  -1.19283170 
-0.83458630  1.00300576   1.48474113  
-1.16877160  1.60726393   -0.37289496 
# New molecule
-1.95422628  -0.29438559  0.01603153  
-2.72774277  0.58468420   -1.59290064 
1.69147340   0.71190144   -0.67032018 
-0.94495729  -0.31220041  -1.70640358 
1.67700269   -0.33694233  1.01492779  
-1.53539457  1.19849369   1.24170626  
0.06811847   0.31278334   1.96589648  
0.29383372   1.80751702   0.64248775  
-1.15432009  1.42354686   -0.70339538 
# New molecule
0.34470578   -0.56771291  1.87715114  
-1.70437914  -0.38634468  -0.90487519 
-1.32655503  1.44156024   -0.22570999 
-1.59390000  -0.25677163  1.63865843  
1.95487572   -1.56923400  1.31583092  
-0.32054668  1.27592083   1.49018375  
-0.01721129  -1.26574786  -1.51327822 
-0.28835663  0.71644871   -1.81068824 
0.20748177   -1.91057422  0.38572936  
# New molecule
1.50440681   0.17035490   -1.24487621 
0.72676126   -1.70130582  -0.57576655 
1.50579119   -1.45285992  -2.39685396 
-0.21576373  -0.55811550  -1.91557860 
-0.70364433  -1.59562862  0.89515494  
-1.69596261  -0.82509122  -0.63191422 
-0.19442346  1.64424887   1.09153016  
-1.64313735  0.26576732   1.04443922  
0.08674394   -0.12492475  1.97988692  
# New molecule
-1.58808958  0.70146008   1.02155166  
0.25526878   1.16185552   1.56774127  
-0.50497379  1.88464559   -0.17877687 
0.12846864   -1.95248274  0.21021252  
0.04170377   0.78476545   -1.80424044 
-1.71262851  0.48156181   -0.94479504 
-1.66203208  -1.11464274  0.22991788  
-0.42145227  -0.75013321  1.76026348  
-0.62702620  -1.11310841  -1.48548874 
# New molecule
1.09085717   -1.59773462  0.26320798  
-1.48588796  -1.26394776  -0.47708775 
-1.87710650  0.64716579   0.01559885  
-0.69417601  1.18726205   1.52757721  
-1.32646604  -0.68650412  1.39036198  
1.22140383   1.22659486   0.98011504  
-1.78765691  0.10406797   -1.89445256 
0.57017624   -0.43238724  1.84391627  
0.17976083   -1.23865964  -1.52619256 
# New molecule
-0.67038398  0.62766655   -1.70101604 
-1.03879001  -0.01153143  1.66843643  
1.39379930   -1.31614950  -0.20380112 
-2.13927576  -0.62299975  -2.07533315 
1.30366020   0.30663812   -1.41862765 
0.87560101   -0.66978309  1.63702264  
-1.87448825  -0.47384080  -0.12700525 
-0.55457325  -1.71927708  0.74148341  
-0.45538269  -1.38083474  -1.25616776 
# New molecule
1.77830787   -0.36271522  -0.78463081 
2.11336390   1.58662844   -0.64135171 
-0.75774985  2.49849472   -1.71399054 
0.51060063   0.97532536   -1.61181957 
1.57883435   0.58897119   0.98397647  
0.79812508   -1.78898428  0.21905891  
-0.60531816  1.84510993   0.15971380  
2.54423531   -1.14698736  0.89396484  
-1.42056785  0.66822757   -1.23326964 
# New molecule
1.56733537   0.92133010   0.67077296  
-0.46388916  0.57011956   2.03594392  
0.85583174   -0.78414717  1.58466859  
0.78358851   1.46432457   -1.09712470 
-1.82476127  0.58372556   0.63730743  
0.92495193   1.97935724   2.20517286  
-1.19226744  1.28166066   -1.07508321 
-0.23113086  1.87304555   0.57317665  
-1.08552834  -1.22165901  1.07027187  
# New molecule
-0.39237198  0.34062593   -2.94535109 
0.45472999   -1.44665522  1.26687751  
-1.06428122  -0.17503292  1.64843846  
-0.78918104  1.30531002   -1.26139092 
0.02608030   -1.20073492  -1.52181883 
1.03289218   0.56738272   -1.58676616 
-1.18029033  -1.56119120  0.14203754  
2.02143923   -1.14404844  -1.62740364 
-1.97787505  0.23692647   -0.08727238 
# New molecule
-1.64464738  -0.58103748  0.93396786  
-1.77014105  0.48373510   -0.74929140 
0.90790925   -1.61644900  -0.63047224 
1.71904019   -0.43423973  0.80309759  
0.75198271   1.26760517   1.35927995  
-0.31277300  -2.05150261  0.85701404  
-1.10973732  -1.40368271  -0.83218527 
1.52429637   1.17034891   -0.45068991 
0.07945255   -0.47891700  1.95385314  
# New molecule
0.19292857   1.27191262   1.47698580  
-1.61873632  -1.24694255  -0.10178040 
-0.48779996  -0.92760068  -1.67383491 
-1.72645753  -1.60634622  1.82273753  
0.04313399   -1.76861057  0.84900039  
1.45758629   -0.34749890  1.26559665  
-1.57977153  0.31379834   1.12363993  
-0.20471373  -0.46526176  2.30857607  
-1.66044742  0.56370002   -0.89268940 
# New molecule
-1.07440832  -0.08282818  -1.79105395 
0.90298070   -0.18754682  -1.74031063 
0.61639084   -1.59845437  2.85948927  
-0.02928245  -1.72893073  0.97785755  
1.52935289   -1.27658180  -0.18716308 
1.25230195   -0.28103384  1.51289625  
-0.23877283  -1.69699927  -1.00619595 
0.99384630   1.61531336   2.06645271  
-0.68932244  1.63105551   -0.88236366 
# New molecule
1.26487839   0.57948493   1.42043657  
1.16842481   -1.33223180  0.85529268  
0.31728645   -1.69855217  -0.94488829 
-0.37670764  -0.47726102  1.85162241  
0.39354709   -2.19563365  2.47926296  
1.16657646   1.52629236   -0.34980251 
-0.50763592  1.47501724   1.15962732  
-0.24723743  -2.71651736  0.66309801  
-1.13600547  -0.44614337  -1.55428240 
# New molecule
-1.06449377  1.67139687   0.18198601  
-0.61312312  0.97071707   -1.62446394 
0.97046087   -1.03547751  1.39149916  
0.90588011   1.98454925   -2.41944340 
1.96243176   0.23832602   0.21740138  
1.22621371   -1.47486173  -0.53663794 
-0.36888490  -1.01597893  -1.66255858 
0.82650758   1.74744828   -0.44369160 
1.21241783   0.18728008   -1.61774980 
# New molecule
1.69594696   -0.01284557  -0.93832066 
-1.38398716  1.33153933   -0.44158516 
1.77854706   1.93700318   -1.35979875 
0.09785939   0.95642730   -1.73619966 
-0.72506261  -0.83864759  -1.62171668 
1.58168760   -0.78144229  0.90308756  
0.02972381   2.69680049   -0.77002122 
0.49370821   -1.85584433  -0.39338774 
-0.97715525  0.88648750   1.47163330  
# New molecule
-0.53479194  -1.67853858  -0.87373888 
-1.67629235  0.02017879   -1.02439368 
0.79908613   1.24743856   1.30750276  
-0.14471087  -0.41885775  1.94080594  
1.67784258   -0.52507101  1.20733585  
1.39284977   -1.27899890  -0.59405752 
0.49692091   -2.10343929  1.02081067  
-1.54521643  -1.03909394  0.68900141  
1.82486723   0.68143650   -0.34411848 
# New molecule
0.25447110   -0.27835146  -1.91404899 
-0.43243702  1.79759084   0.65891331  
-1.52819388  -0.59837473  -1.09134028 
-0.10158109  -1.89453595  -0.42767982 
0.67622347   1.52429551   -1.02537227 
-1.94924605  -2.50660694  -0.75110446 
-1.41833602  -1.09229966  0.84175459  
-1.50571258  -0.17632590  2.63790144  
0.24265025   0.36495826   1.90524903  
