# Array shape: (100, 9, 3)
# New molecule
2.63110852   3.83910488   1.12849285  
3.45650373   1.85164120   1.35959172  
2.68937856   4.05436426   3.25634123  
2.57805861   0.39106713   3.42334661  
0.28055234   1.92704726   2.16429132  
4.26715785   0.60026252   3.25852702  
0.71986654   3.92595350   1.50794107  
0.67707318   3.29042125   3.51149065  
1.96698191   2.34978433   2.65228256  
# New molecule
3.36697702   2.35213683   0.08422845  
4.19436810   4.25204920   0.05226287  
3.38483361   3.16598934   4.04992868  
1.48442772   2.46540083   0.29495858  
1.82926178   0.17884091   1.16870314  
0.13668170   4.12244796   0.25123120  
3.74883472   3.34658772   1.62640071  
2.21094214   1.90087247   2.24058491  
3.68160986   0.69303404   3.31113331  
# New molecule
0.14066469   4.25281446   3.57713125  
1.72704983   2.60379942   3.22449643  
1.79067443   3.82772538   1.63691683  
3.61793501   0.68445391   0.02527064  
4.00809370   2.29298108   3.11694186  
1.04436341   0.40385532   3.24068182  
2.99846153   0.19261547   3.40575420  
0.87121619   2.30434841   1.11501158  
2.63029041   1.55110972   1.55761221  
# New molecule
1.11424251   0.48110286   3.51949640  
4.20434757   2.35525140   1.40486851  
0.88378987   2.36273721   3.61008697  
2.66308465   1.12007922   2.68088469  
0.86528094   3.29262216   1.73842198  
0.29790835   1.36877543   1.14583265  
2.52635624   4.09259031   1.93570432  
2.27658969   4.15996827   4.02468071  
2.17560951   2.12094989   0.99916119  
# New molecule
2.97795647   0.39406896   2.20292938  
3.89373018   1.94091956   1.47154312  
0.04360273   1.93799480   0.78698872  
1.67051595   1.83249376   1.40801283  
1.17571143   3.20206265   3.49095098  
2.96707153   2.51000947   4.20025900  
3.31794572   0.44164169   0.03775625  
2.44847701   3.66484651   1.86225504  
3.78772741   3.66349496   0.66547147  
# New molecule
1.95116760   0.58432143   0.02556887  
0.96479875   3.66524838   3.88756386  
3.25010279   0.99729918   1.74981849  
0.42682332   0.78755047   1.63267135  
1.95156621   2.76189806   1.89866137  
0.15314957   2.16815690   0.09542108  
1.20165633   4.21500300   0.99221063  
3.02761414   3.15199380   3.62040815  
3.95755446   0.34954641   0.12164078  
# New molecule
0.10267274   0.81244896   2.62944317  
4.08785452   2.04136727   0.72029651  
4.28288014   3.15874664   2.51554692  
0.50847860   4.09269263   2.21027316  
2.51037957   0.04916688   0.98045083  
2.21458145   1.64170111   2.84114373  
0.25168155   3.11446680   0.05227859  
1.00585033   1.54195496   0.77097241  
2.47368112   3.96736039   0.53228888  
# New molecule
1.64921426   3.86205810   1.19131768  
2.09343917   0.14096841   2.75212932  
0.14290768   4.10891828   2.40698689  
2.69655786   1.16234658   4.22144353  
0.67473349   1.25073224   3.75858827  
2.47688988   1.46190636   0.97420384  
4.19176161   0.90258344   1.72189619  
1.24815667   2.31593623   2.52315680  
3.15185268   2.72073027   3.34591341  
# New molecule
1.74406108   0.06022174   3.40791224  
3.61918007   0.20964629   0.18454160  
2.75816038   3.44994791   1.87719582  
4.16292711   2.08054453   1.53485841  
2.08110345   0.25766128   1.62058218  
0.34355188   3.64362903   3.15277487  
1.83334631   1.95185227   2.57590938  
0.20938992   1.15595616   1.53278017  
3.84043078   0.74118505   3.56170382  
# New molecule
4.29059107   0.09522613   0.23812742  
3.00927185   0.93519622   4.06829409  
2.05184536   2.07884616   2.66804555  
3.61686046   2.98878738   2.84243364  
1.33902255   3.87665394   3.15775353  
3.10921280   3.36316644   0.86130245  
0.17711275   1.01920777   1.73883618  
1.65525023   0.03634048   2.44828689  
0.72477867   2.97585164   0.38396843  
# New molecule
3.67894241   3.53005574   0.51070953  
3.92050965   1.65742325   2.40115903  
1.95634470   2.96453867   1.21604876  
0.08366979   2.64720346   0.96162304  
0.76457175   3.80685167   2.14036936  
0.98618103   2.10898200   2.93418253  
2.69863675   1.32430644   4.08513238  
3.63823599   1.59589198   0.47264035  
0.14275898   3.78535735   3.92513958  
# New molecule
2.21662824   0.71536463   0.36694448  
3.94135634   1.62235377   2.18310776  
0.83252767   3.75933441   3.45741276  
2.88515407   0.95180257   3.72395547  
0.59456051   1.12294813   2.73681138  
3.02991698   4.05613899   0.47780253  
0.10038152   4.02390373   1.12554459  
2.06311756   2.85066752   2.07550275  
0.81294271   1.74833893   0.58424021  
# New molecule
2.86470886   4.10574058   3.45835021  
1.21092922   4.29364807   2.27720318  
0.35669741   2.72846312   2.30413705  
3.76768622   2.42727773   4.08331844  
0.33406628   1.90810473   0.42182109  
1.87740847   2.23337460   1.22797438  
1.12188697   0.63564592   1.40929127  
3.87652855   2.77944114   1.92319439  
3.76196449   1.82540155   0.43703566  
# New molecule
4.10830445   3.69020737   2.82204189  
0.41795647   3.74040672   1.33766023  
0.47235286   1.62255549   3.80879290  
2.30834250   2.96384933   1.03854005  
2.78547908   0.62551237   0.73967699  
1.51997143   2.66938470   2.62894663  
2.94656390   1.35344200   2.33992025  
4.22787748   3.36702770   0.21310278  
0.59221124   2.29907430   0.06855036  
# New molecule
0.43369788   1.21120336   2.79688910  
0.67620283   3.14826390   1.02843389  
2.92597963   0.77417926   1.24384963  
2.37705606   4.05217348   3.30332121  
0.40099687   4.06475341   2.79794385  
1.65466075   0.04052145   3.30207172  
3.20036685   3.30653577   0.88124110  
2.87041633   2.10685130   2.76453730  
1.87285644   2.03855759   4.27471598  
# New molecule
0.60380103   1.67562377   2.14510642  
2.97495307   3.83597481   1.18005200  
4.04071689   1.03137808   0.52989340  
2.41465367   1.78799266   1.23887807  
1.73512033   0.84358083   3.16696862  
3.53633390   0.22314414   2.12818658  
1.06525894   3.63752745   1.41401837  
2.61807789   3.18165966   3.74172239  
3.67168126   0.17098737   4.11242650  
# New molecule
3.39158425   1.20064887   2.76032994  
1.71054796   1.58924423   2.78679299  
0.93582186   1.58727692   0.36788340  
4.05332991   2.85604723   0.21694021  
3.79165902   0.62757020   0.83184582  
1.22396127   2.71260431   4.08468302  
2.03459185   0.17040483   1.29245235  
2.19850800   3.17493958   0.98856276  
0.20689143   0.84483700   1.73309106  
# New molecule
0.96641621   0.05909191   1.72956946  
3.91333988   1.18215886   2.16361223  
0.66933827   1.03956589   3.29908893  
4.12881498   3.55223903   2.57796836  
4.13572368   3.11136654   0.38680062  
1.37558400   1.60879542   0.42983826  
2.37267206   3.29447165   1.29932242  
3.09184334   0.39487449   3.85079717  
3.29931813   1.60710293   0.36294183  
# New molecule
3.40201728   1.98438479   0.18569932  
1.74106629   0.20818599   3.72695191  
1.16191079   2.01397219   1.22346121  
2.67599245   2.28555246   4.02981400  
2.62002121   3.88517873   0.18135373  
4.07472675   0.03930458   4.17710913  
1.71256235   2.88460262   2.72588740  
3.31829918   3.98786843   2.22018426  
2.62624010   1.19281752   2.32351392  
# New molecule
2.66936783   3.50231437   4.04285745  
3.82315791   1.88629673   0.47769023  
1.34132136   2.36289567   1.81505034  
3.23265945   4.03752211   2.04614694  
0.20790035   3.71218456   3.17941118  
1.05473340   1.85412904   3.99004683  
1.87659090   0.41163531   2.17490890  
4.11527037   2.22999019   4.05625630  
2.78735409   0.68868086   4.02714342  
# New molecule
0.95111689   1.93103968   3.75996781  
4.17808216   0.76712419   1.77967044  
1.67851332   4.11558363   2.03370822  
0.49669339   0.23062563   2.34455507  
3.21680611   3.80269890   0.34766942  
2.56734672   1.02664615   3.51344804  
2.09243173   1.62087723   1.32136475  
3.65479868   2.71489060   2.53366707  
0.09982911   3.21864691   1.98564032  
# New molecule
2.14328451   1.28875650   2.26777354  
4.10806828   3.09560372   0.19872013  
0.39702707   2.13915498   2.07415985  
1.46024558   3.65472929   1.31025251  
3.81379987   1.99575754   3.95991410  
0.30261455   0.20848126   3.75625888  
4.09841425   1.95286936   1.81172655  
2.40884536   0.20335615   3.92942773  
2.29283273   3.68468718   3.50621505  
# New molecule
0.80230074   1.70186191   0.09297252  
3.33136330   0.44310401   1.15134723  
3.08069658   2.62918150   1.85514453  
0.73381661   0.62367329   1.69833550  
0.18091488   2.41764789   2.18898008  
1.88928089   4.08663673   0.43167997  
0.82440288   0.44483839   3.58289612  
3.88427974   2.08475793   3.67943613  
1.97082588   2.36826491   3.58586882  
# New molecule
2.14702114   2.40933545   1.06242896  
3.84639440   0.57389494   3.09571222  
0.39897974   2.41151809   4.22637074  
3.76583261   2.37960911   2.68507332  
1.28720104   3.31381133   2.69595502  
0.22512005   3.67007794   1.07629990  
1.21902815   1.11684937   2.37289528  
3.29909185   3.60088966   4.09844405  
3.77202945   0.42398764   0.80818969  
# New molecule
2.95227906   1.25013904   2.04734787  
1.38012985   1.96355406   3.01987397  
3.65012788   1.36087320   0.18083496  
2.99736847   3.43577407   1.85529609  
0.40245456   0.56354752   3.77738171  
0.20767104   3.16999485   3.55933714  
2.27094158   3.46174820   0.00291506  
4.21715096   0.43522889   3.49443723  
1.08156464   0.01478072   1.92744378  
# New molecule
1.98182703   2.55171769   2.90999601  
1.78694346   1.75972359   1.00140242  
0.30548422   1.74109829   2.95756333  
1.18395312   0.02894851   1.87398580  
3.68749858   3.96847585   2.06227445  
3.99252588   1.25175824   1.13496480  
0.17258901   3.50727600   1.28163990  
2.45138962   0.82924681   2.68565373  
0.39118178   3.59781990   3.69906413  
# New molecule
0.17634024   1.52539054   1.01210530  
2.78820191   3.68340531   0.36041031  
3.35901342   3.42261095   2.10753099  
3.22568477   1.70175375   3.36314238  
1.97775833   0.93711711   2.18779025  
1.26682352   2.68069143   0.11714548  
1.87100729   2.77641526   3.80163733  
0.41956779   1.99914613   3.12264433  
1.38873816   0.41174786   4.27050487  
# New molecule
2.43096593   1.69518665   3.23486667  
4.09083581   2.92625823   3.34198634  
0.72646914   2.75429287   2.92656697  
4.12705568   0.65281142   3.41372558  
2.09383284   2.00493763   0.50283430  
2.90189046   3.91802233   2.44717913  
0.47926344   3.25164253   0.83566212  
4.10519489   3.24999478   1.11882820  
4.30412502   1.21848390   0.94895758  
# New molecule
1.63161675   0.05876656   1.29772931  
1.42648875   0.15359416   3.79570711  
0.52996764   2.30763767   3.04285269  
3.37366064   4.08585554   3.60988176  
1.07633181   2.18362964   0.67749801  
3.17483886   4.04428196   0.50716883  
3.13169318   2.99346812   2.13914370  
2.66365704   2.04197251   3.84616290  
3.89714618   1.28837988   2.08495837  
# New molecule
2.69865523   1.37406713   0.35517677  
0.85965789   1.98186758   3.07539370  
1.62331184   0.35505282   2.38868911  
0.64765960   3.27951571   4.26261897  
1.00592425   0.06175719   4.28677206  
0.32695387   4.08095357   1.16987211  
2.95021203   3.37152701   2.47200719  
2.73405810   3.30102783   0.54312679  
1.17617642   2.40893348   1.26584549  
# New molecule
0.85885092   1.61967013   3.06086752  
1.23559067   2.15816801   0.79244282  
2.17907089   4.03148232   1.20472617  
3.25532624   1.87259758   2.59652604  
4.10824890   1.64267527   0.28083293  
0.61566145   3.38740631   1.93321044  
2.05775214   0.08165914   3.66909573  
2.63914971   3.52598142   3.15336098  
4.22185134   3.40812940   2.22610475  
# New molecule
2.32838675   3.01634573   2.61186646  
3.77395806   1.10853801   3.83269665  
1.36718629   1.53578698   0.27712343  
0.69745349   4.23549346   2.82137772  
2.97207649   0.22721981   0.56698165  
4.20649657   3.51389334   0.97762353  
0.49462407   1.49711208   2.63838585  
2.30272640   0.18861074   2.25365450  
1.75629500   0.92668048   4.22920220  
# New molecule
3.01144690   2.97265128   2.46186638  
3.92065220   0.24900674   2.69385079  
1.05649805   0.12851962   4.29144629  
2.32607592   2.01157603   0.80962511  
0.09250207   2.34943647   0.09374896  
1.04303354   2.26902247   2.06057898  
0.57992659   3.88725011   3.29794310  
0.21790731   1.83641552   3.73332671  
2.07227044   1.96220222   3.61213067  
# New molecule
3.66623967   2.86113156   1.88309245  
0.00424478   2.24093381   3.55092276  
0.16077405   0.00837167   3.21583688  
2.67100530   0.34342851   3.33230117  
3.25001170   0.96781178   1.16590996  
1.41707716   2.19040846   1.43209557  
1.78041602   4.00995760   1.34914061  
1.49869377   3.24513019   4.28500034  
2.44771438   2.95606402   0.02692526  
# New molecule
0.29172389   2.28791940   0.54252178  
1.57497948   1.06696852   4.22862006  
3.64148587   1.33855950   0.12069493  
3.56273870   2.69159625   3.66853325  
2.51272889   3.91350047   2.30006045  
2.54460748   2.30579756   1.31414519  
1.81483132   2.91159651   3.82870229  
0.83053746   2.09858319   2.39946111  
2.96226604   4.02258538   0.27520105  
# New molecule
2.55882618   1.37822505   2.62216725  
1.73566261   2.59617406   0.10767829  
0.28832412   3.92043383   0.70626129  
3.58410770   2.55273274   1.55753118  
3.75711871   1.59978856   4.15657620  
1.93702077   0.16336091   3.88345806  
2.51123793   3.61636120   3.77960471  
3.99575894   0.32948183   0.98727617  
2.15417395   4.28371798   1.74315071  
# New molecule
1.20790430   0.66227124   3.39235415  
4.23347266   3.75257535   3.89350435  
2.19811148   2.61855217   2.84104154  
0.12662812   2.97957259   2.71883922  
0.30086051   1.38050904   1.30530150  
3.07968962   0.63031930   2.23318339  
0.99619876   3.85079587   0.67626402  
3.77079690   3.52080475   0.60123791  
2.59397049   2.17733985   0.97966595  
# New molecule
2.63187140   4.30187793   3.17450934  
0.35547020   2.11385971   0.80392526  
3.14177139   2.76177881   2.28153314  
0.48870998   0.86977478   2.30983255  
4.20530483   0.99519637   0.34062590  
0.65977520   3.81825917   0.10839570  
1.77281547   2.10058148   3.94627464  
3.25789847   0.97429718   3.20509280  
0.98380885   4.03532981   2.15574638  
# New molecule
0.05156222   3.76678743   1.63093726  
2.90691718   0.80155491   3.80386414  
3.58154295   3.67439208   0.26587892  
1.66050758   3.08725335   4.00910632  
4.08610673   0.21664566   2.16023545  
3.27118115   2.45693394   3.06601614  
3.33249405   0.14296804   0.42898829  
3.13725324   2.05584383   1.13404353  
1.18938707   0.95433872   1.77876544  
# New molecule
1.99269329   0.31498758   2.18057397  
3.25613418   1.60341898   1.56904669  
0.20857216   1.37704981   1.27592757  
3.57642976   1.00733615   3.21411191  
2.20653540   0.54493253   0.18923740  
0.43760317   4.25325195   1.48495939  
2.57063407   3.21583959   0.57791724  
0.11763836   0.23530766   3.04637910  
4.09587634   2.84577274   4.06615215  
# New molecule
0.57979382   1.62675150   2.91952672  
3.92852712   2.78350135   2.67306338  
2.64647158   2.95009074   1.22786352  
1.89092329   0.58283849   0.22722794  
1.32427750   0.03457023   2.22221105  
1.18956984   4.12306026   3.11281484  
4.00617843   1.47949803   0.24271251  
2.63614314   1.13110592   3.38934535  
2.54581292   3.26777373   3.95640784  
# New molecule
3.36246013   3.59361511   3.94536229  
1.39583880   3.92149305   3.20538774  
0.79569556   3.19748179   0.02314629  
2.67805734   0.48206317   0.64303443  
2.54149540   2.96207986   2.05975166  
2.22941562   1.62274661   3.24123901  
1.04094552   0.20349823   3.68740617  
4.28164832   2.16401019   1.87133096  
0.35464875   2.47839617   2.70845380  
# New molecule
2.38586998   2.02479796   0.73413513  
3.13040340   2.18776889   3.73673256  
2.41840361   0.72217130   2.28851559  
1.73735759   0.03670697   0.64523378  
2.57404166   3.96354146   1.30824303  
0.77628032   3.13608833   0.54880242  
0.88290991   4.16655464   2.31754747  
3.48790191   3.81017350   4.26439534  
0.34861632   1.03769682   1.36865813  
# New molecule
0.45381086   0.83033323   2.10536930  
3.52355973   2.30862856   4.16099175  
2.73337686   2.45600828   0.99636542  
2.92799890   3.98342649   3.08992833  
0.87638469   3.47596474   2.55148365  
1.76997716   1.78383620   3.11081457  
0.73632544   2.60883358   0.49347335  
3.70946246   1.19844667   2.40372247  
4.30320957   3.52843343   0.88808879  
# New molecule
2.67517505   0.09565274   4.14879707  
2.39608897   1.61395011   1.45601460  
2.71369947   2.20160725   3.59100779  
3.09671731   3.71647979   0.78396050  
3.76410460   4.15867064   2.49422825  
0.58700982   3.90714516   1.19049414  
4.25988555   1.78166114   2.17847691  
4.25629947   2.04040974   0.15397805  
1.02965231   3.93394489   3.88331735  
# New molecule
0.05092608   1.34224004   3.03478840  
4.00787012   2.78884386   3.64897622  
1.38125356   0.68142884   1.12111464  
2.06934455   2.59872071   3.84563809  
4.19081596   2.71582655   1.74601975  
0.32925232   2.47139511   1.23424192  
0.46510660   3.19437708   3.16722493  
3.84791918   0.81167350   4.00391035  
3.19906914   2.37911179   0.23098880  
# New molecule
4.18953223   3.68068798   2.21096819  
0.06485160   3.61742110   4.14276137  
0.30090832   0.96085558   1.96198806  
1.26957506   3.43908155   1.84078128  
0.61539924   2.56264097   0.01069393  
3.16387565   2.60252929   0.84226345  
3.94352208   1.93109544   2.83535535  
2.15053722   0.37011639   2.03202970  
2.11809563   3.27064556   3.58822655  
# New molecule
2.88653481   2.31973716   3.94895523  
1.20462739   0.51846511   1.06578626  
4.23771172   2.51448001   0.46941140  
2.70472656   1.23873444   2.14168782  
2.78055421   0.99872275   0.09272552  
0.40551250   0.73728808   2.81612511  
2.28224002   4.00130331   3.30292083  
2.03541051   0.49021538   3.92590878  
0.81254778   2.86409567   1.34427096  
# New molecule
2.72075667   3.59620772   0.26110993  
2.72273170   1.56700788   0.26972494  
0.19562403   2.36306315   2.69197844  
1.81223663   0.32755784   2.98347341  
3.86292376   2.60110278   1.56568325  
2.66723395   3.94761369   2.05538280  
2.04853636   2.13541692   4.18583194  
0.38842707   2.26489084   0.40403823  
0.72388186   4.22361390   1.05711331  
# New molecule
3.14572243   1.37840362   3.54845565  
3.18362610   0.98533890   1.65307334  
1.75470397   0.26495549   2.26213580  
4.25508307   2.48953375   2.48396960  
3.01200100   2.96738764   0.50843123  
0.34497241   2.78933463   3.91353546  
0.67135702   2.67103370   2.15155605  
1.01244289   1.75388550   0.53190924  
0.77015010   3.80429769   0.65183288  
# New molecule
3.08413654   3.20532380   0.50471249  
0.75864444   3.77969919   1.06577892  
0.00952951   2.51992719   2.30876117  
0.78463372   0.94128608   3.19483172  
2.16417897   3.28088368   3.60397431  
2.24475802   0.11800691   2.37730611  
1.41442512   1.43881701   1.35967149  
4.14466718   3.87566988   1.78338487  
3.60937027   0.91290214   1.04360241  
# New molecule
3.12697501   2.99848867   3.49012039  
4.12574158   4.05581700   0.00741547  
0.17807855   2.92298314   0.73812492  
1.92799450   1.24161881   3.66697012  
3.93930007   1.46367364   1.49544372  
0.93662073   2.74623831   3.51440493  
0.65015676   0.79396106   1.99540562  
3.45717979   0.50439093   2.95883953  
2.08227141   2.64156505   1.97672990  
# New molecule
0.42063086   4.25760161   3.71172880  
2.41159192   4.29659070   3.71819323  
3.47802306   3.80279334   1.57834026  
0.66901915   0.96645772   2.00716291  
2.07705139   0.75926653   3.60049716  
0.34289592   3.51666555   1.63733198  
3.92478016   1.64404987   2.69867774  
0.60189931   2.23386025   3.64745040  
3.66853582   1.44987629   0.61403890  
# New molecule
2.95004733   3.08848478   1.61148393  
2.24538654   1.08806804   1.53804011  
0.07351895   3.84592958   3.48008027  
3.20036067   4.09031242   3.13648046  
4.08742489   0.72178801   2.00241824  
0.83046552   2.37300611   1.78345784  
1.72673591   3.49192079   0.17439937  
3.81280199   2.32972110   3.04057245  
1.53327014   0.04146628   4.21017088  
# New molecule
1.61786640   3.35318084   0.69714462  
1.29380729   2.10467401   2.04741781  
3.44703595   2.44705971   0.12095272  
3.19962988   1.79115158   4.28000449  
3.42267202   4.22599654   0.64457471  
2.56815286   0.21154833   2.90198316  
3.41413237   0.93835718   1.47967087  
2.77989739   3.15440020   2.55655379  
1.39929416   0.94722954   0.43261880  
# New molecule
3.36157302   0.42548519   2.02337011  
0.48620117   4.14109927   3.30942453  
2.49026157   0.95365720   3.77731474  
3.08003721   4.25296732   2.98043769  
0.53752556   0.14335915   2.17497257  
1.97493751   1.23668569   0.18907282  
1.33218515   2.52862471   3.96014805  
4.30473364   0.69209848   0.16141304  
0.92509228   2.33703840   2.08601654  
# New molecule
0.12397317   2.13922417   2.97405468  
3.74244811   1.78423292   3.89448727  
2.46104348   0.89293372   1.90390612  
0.18077289   4.11337272   4.09237195  
2.01298902   0.87800479   0.23498730  
2.09855632   3.06235885   3.48128031  
1.74298715   2.87081444   1.28958808  
3.75939889   2.18353977   1.68892888  
3.30840827   4.06860900   2.65561080  
# New molecule
2.18727000   2.37599088   2.44255016  
1.05455988   1.21182112   0.74916233  
1.45070968   3.28246530   1.05668748  
4.29325875   1.72848169   1.19535109  
0.14151165   2.67234170   2.23439176  
3.56317848   3.76109981   3.08291358  
4.12877050   1.89986767   3.49598530  
1.85319304   0.27983774   3.57848592  
0.05908509   0.23811090   2.00995132  
# New molecule
0.32770727   3.77621451   0.10986693  
0.82158728   3.92990942   2.43015799  
3.39530045   0.04712929   3.53011550  
2.18866332   3.22471084   3.72411818  
0.08348380   1.24877737   1.47691573  
1.78234095   2.77925561   0.99954127  
3.96682680   2.00408098   1.41948178  
1.25586476   1.62590007   3.89933621  
1.55049948   0.13526995   1.32972055  
# New molecule
3.42891613   4.01702973   0.52339401  
1.12222938   2.34802492   3.65793529  
2.38497846   0.09396354   4.06470597  
1.52108207   0.10124615   2.51583904  
1.01395277   3.58298120   1.35475794  
3.24278960   3.21467529   4.30755434  
2.23503317   1.82721414   2.21088629  
4.13316427   2.18976512   2.91102561  
0.41401518   1.83783559   1.12814367  
# New molecule
0.32897458   1.79636295   3.03515326  
3.02360137   1.61900516   0.05336198  
2.35960255   4.01534048   1.11696468  
0.57943341   3.45570841   1.55387129  
1.82992946   2.06408980   1.73583658  
3.75324768   1.26231269   1.92444304  
2.44675014   0.51752989   4.15974707  
0.22078661   1.75432738   1.12528220  
2.43953365   3.71109051   3.60209044  
# New molecule
0.64825068   1.13025441   3.96954229  
0.09727906   2.34321764   0.53357244  
2.28115317   2.64706265   3.74658652  
2.14413800   1.17239908   2.12942033  
2.81592226   3.32142396   0.25863263  
4.10798373   1.50716900   1.34882826  
0.44512500   3.77028772   2.55770377  
4.04575794   1.21734222   3.25400344  
4.20808342   3.23223673   2.56872789  
# New molecule
3.55949104   0.94023104   4.07168861  
3.84404672   3.49121960   0.29533969  
4.03738537   0.28892750   1.08255204  
3.78779818   2.97299030   4.14050868  
3.54527681   3.69394434   2.41472983  
0.32746716   0.96522649   1.72216635  
1.73848024   1.90248890   3.56278879  
1.15939579   3.44595212   1.95262219  
2.57078249   1.40272186   1.39136039  
# New molecule
3.95455845   0.72914780   1.16981940  
3.90979687   2.65630485   2.37747249  
2.83229982   4.08843698   0.12450018  
0.99406552   1.75540336   1.87141314  
0.83543380   3.12324116   3.43352081  
3.96124664   0.59155876   3.77144661  
2.39000008   1.71275119   3.07712988  
2.45094691   2.63033352   1.46853979  
1.54584541   4.28795655   1.78458666  
# New molecule
2.64768116   2.92521644   3.67410935  
0.34638864   1.16524297   1.71746746  
0.94131500   2.57789366   0.54850039  
2.38275880   1.10876285   0.51822166  
3.28722203   3.85768930   0.48322842  
0.26579394   3.28803638   2.70254858  
4.10050021   1.08118032   0.13017329  
2.20251745   4.21238405   2.40922645  
3.47335302   0.74733978   2.22242064  
# New molecule
2.39280231   1.29715682   1.86138557  
2.81648123   0.93639498   3.71177725  
2.91237060   0.30620580   0.15790302  
0.16774785   1.52587578   3.75989356  
3.88045953   4.29001297   1.74076994  
0.51434327   4.30243493   3.03490279  
1.21113981   2.61146394   2.16371337  
2.15216515   3.25221089   3.82598392  
4.25330217   1.63438682   1.99222846  
# New molecule
0.55816028   1.54312491   1.33155621  
1.25749134   2.66894109   0.14709744  
2.69828941   1.80870005   1.99308627  
4.14042785   1.94639121   0.93477016  
3.07909500   0.61069875   0.52910697  
1.06725715   3.07953438   2.29024227  
3.72170113   1.15988989   4.12288500  
3.84385412   0.01677868   2.41911711  
3.80391572   3.59963668   2.97861585  
# New molecule
2.39228742   2.42122741   0.35560470  
3.84841244   1.38958275   3.98801310  
1.57148403   0.37582609   1.05462473  
3.62347028   3.16970608   3.54592131  
1.77951902   1.68664674   4.28747464  
4.11907152   1.49910458   0.02029262  
3.95643327   0.78916496   2.02687166  
2.47994585   3.37191740   2.23187553  
0.73692934   2.06676818   1.33925397  
# New molecule
1.74405989   0.43315264   2.04049464  
0.66716309   3.93513771   3.88327404  
3.26289202   3.75461920   0.13656689  
3.59478775   0.00097103   2.01627591  
0.85413402   2.41011191   2.44658267  
4.03542020   0.23774371   0.08138747  
3.79846795   3.39733788   2.15022870  
3.22265004   1.92509506   0.57795620  
0.26335047   0.60007713   3.16584828  
# New molecule
1.83849848   1.36790723   1.65730700  
3.01943778   0.47498030   3.38982436  
3.61302900   2.22443046   1.19941203  
1.72020595   2.19205881   3.44133746  
0.00033499   2.18379198   2.57621751  
4.15891307   0.58551187   0.01191154  
3.93634006   2.75777415   3.92316683  
0.86356592   0.41593009   3.38672694  
0.95385404   4.25769175   3.84918984  
# New molecule
0.38142347   1.38327079   1.59472453  
3.80946368   3.29461894   3.79196863  
0.10231015   3.92778305   3.94415209  
2.54115952   1.83480828   3.42159301  
2.01929092   2.61838008   1.77818980  
0.10787798   3.77315301   1.79746474  
1.75905786   0.58885757   2.22940122  
3.55458549   0.25836516   0.81814903  
3.95836557   2.88473215   1.63948792  
# New molecule
1.04802667   4.01182913   3.74759242  
0.13753349   2.30277977   1.29125909  
4.28632282   2.14580318   0.14736511  
0.18835428   2.46256229   4.25080368  
2.01755921   0.58919884   0.23117363  
1.98145128   2.36060477   1.81497238  
2.84239959   3.16260128   4.13482644  
1.07507699   0.42187412   2.00393755  
3.27978331   0.76016185   2.85823853  
# New molecule
1.94384881   3.96168412   1.20479689  
1.42755654   2.08533055   0.63638466  
0.59792500   1.26783676   2.51345894  
3.34388233   3.74772978   3.67515055  
3.44300721   2.20939326   0.84902657  
2.24964969   0.69084709   1.93481796  
3.15694409   2.07646914   3.40352832  
1.32111331   0.34281982   4.05556205  
1.32090763   2.91560801   4.06846141  
# New molecule
2.32826128   1.12488087   2.22072018  
3.67427207   1.68155156   3.98233878  
3.89879043   0.17403266   1.57919510  
0.76678676   1.91625837   0.16453928  
1.36705148   3.04695191   2.15956354  
3.38168360   2.79552678   0.21392525  
1.72102288   0.52661700   3.98277758  
2.31325788   0.40665058   0.34875620  
2.89932756   3.67734313   3.10678297  
# New molecule
0.58202610   3.21428913   1.46618169  
2.52565207   1.77364036   1.74069718  
3.85184485   3.17955086   3.15833147  
1.39150221   1.37967359   3.76869455  
3.25012550   0.17467220   3.19376216  
2.04475996   3.74665322   3.64415049  
0.37859875   1.21502847   1.92062970  
3.80796825   2.48727006   0.37160896  
2.59198203   4.25840459   0.91513207  
# New molecule
3.62611010   2.06185418   0.92270200  
0.92090708   1.48320248   3.23315333  
3.94652294   2.29323701   2.86496281  
3.13785362   0.69541777   3.78628475  
2.55897715   3.55897247   1.64842103  
0.69321117   3.53961671   1.93774834  
0.47848297   1.21321560   1.38017570  
0.39755952   3.21039698   3.92082973  
2.90418116   0.32797270   1.11775008  
# New molecule
0.95308017   4.14511096   0.58289759  
3.60016724   2.12042990   0.47976153  
2.88446445   2.94296977   2.13789025  
1.11640473   2.61826549   4.17487838  
3.48455169   3.83588345   4.10837792  
1.51146479   0.90419899   1.71915068  
0.95007959   4.13466803   3.04250609  
2.03631772   1.06351230   3.45390925  
0.95568510   2.18914209   0.12536336  
# New molecule
1.74204015   2.55090306   0.51524466  
1.74710394   3.10649746   3.38987450  
4.05124226   3.59314415   1.42673290  
0.63899034   3.31307463   1.92624253  
2.12582820   1.51933879   2.57325807  
3.50504591   4.10861104   3.50536056  
3.64748334   1.92754979   3.43544366  
2.83170782   0.74659627   0.68666988  
0.18529513   1.67560015   0.55547938  
# New molecule
3.64682223   1.70781889   1.49967588  
1.83403520   0.83585816   2.06542190  
1.58312071   3.01313769   0.60767216  
3.51163444   4.12621988   3.83507651  
0.19233098   1.84126194   3.40262328  
0.31719806   3.74352680   2.58284330  
4.12629337   1.78044905   4.07722402  
3.16500136   0.12288711   3.97560416  
2.31514735   3.37853756   2.55757481  
# New molecule
4.12957573   0.76222910   1.08455407  
2.59074274   0.93939595   2.17250731  
1.09440346   1.96846333   0.05908985  
3.15808417   2.32704459   1.11045796  
4.03779001   3.17165752   3.01976072  
0.61763769   1.07863074   3.48975324  
3.58247882   3.93854150   0.04353777  
0.85167803   2.46152931   1.92375963  
2.20504923   4.17554843   3.39310809  
# New molecule
2.10987661   0.49856577   0.21036500  
3.53486606   4.18051412   1.47808212  
2.38979449   2.97983052   3.85568352  
2.90227876   2.40069173   1.31082239  
1.14349877   0.26125521   2.19914120  
1.59415928   3.85144561   0.06463615  
3.73245643   1.57854810   3.01831788  
2.52509407   0.04155414   4.28255228  
3.92689406   0.52238160   1.50845615  
# New molecule
3.87219992   0.06099974   0.75716684  
0.91637238   0.92931654   2.25200208  
0.92341229   0.67061504   4.24637081  
2.87040856   2.06533726   0.88427188  
1.87662522   3.42804385   0.01809290  
2.96940448   1.82281039   2.65969486  
0.19410264   3.00453716   2.99804579  
0.27176303   2.13329272   0.55234037  
2.69161496   3.92537874   1.75546559  
# New molecule
2.54868767   3.38667909   3.49147789  
1.12640818   2.08840418   2.95487031  
0.58469036   3.88745376   4.19512111  
0.06510559   0.59723998   2.19606948  
3.87290879   0.93580767   1.86547316  
1.67822672   0.62485164   0.89921900  
2.71050468   1.26829913   4.16456085  
4.26241513   2.09851982   0.05770586  
0.03997834   3.21077633   0.94334862  
# New molecule
2.87024908   0.43680491   1.47919922  
0.60322458   1.84040912   3.48517269  
0.04545289   3.24538848   1.73584882  
1.96328652   0.00324853   3.11055198  
4.16978870   2.48122095   2.16884654  
2.05340852   2.34701888   2.41936563  
2.07661695   4.19828113   1.36412215  
0.27037840   1.58039624   0.57880056  
3.73260335   0.47858688   3.20231156  
# New molecule
2.00130958   1.20922834   2.28242237  
0.45981925   0.07953623   2.07923685  
4.25448619   3.97018774   1.30951782  
4.11448941   0.47814028   0.74878036  
4.19173383   0.59703934   2.84167578  
2.77195945   3.40403740   0.38881454  
0.87764178   1.90895711   0.94271536  
2.27197402   2.78678592   3.45325810  
0.29957865   1.15541978   3.82103782  
# New molecule
4.28578379   0.40814028   1.72394280  
1.89960652   3.97009300   2.64440898  
2.13493296   0.05996194   3.65575758  
2.39166524   0.76263874   1.57464986  
4.27860501   3.93320464   3.47731297  
0.48921005   0.08889706   2.10596819  
0.61993166   2.34178476   2.78305482  
0.75599034   2.57822162   0.43621898  
3.53715268   2.07756922   0.50292877  
# New molecule
2.12896552   1.48542393   1.21786783  
4.25069376   1.01020602   3.81220640  
0.98369279   2.97168403   0.75121705  
3.41457448   0.01617527   1.83045789  
4.10827642   2.24968953   2.14724021  
1.94314420   2.10957777   3.05218917  
2.54639502   3.61109902   1.17511257  
3.56016840   3.30001147   3.60793365  
3.89959118   0.16849478   0.16573210  
# New molecule
0.07335891   0.08255168   1.80091565  
0.60543120   3.39591947   3.74207027  
1.58722123   4.21985490   1.62335849  
1.83957735   2.36852416   2.71745941  
0.01743327   1.60649031   0.67626060  
3.22821450   0.95210065   1.97289671  
1.58387681   0.13069667   3.27510199  
4.22628222   0.47909205   4.26864697  
1.90800948   0.57354243   0.64716313  
# New molecule
0.04445771   1.90482749   4.01883096  
0.44014215   3.65209985   2.32127868  
0.22786927   1.25762193   1.74749749  
3.34413233   2.02726287   2.24779289  
3.35098101   3.91795104   0.61634142  
4.17366083   3.99779526   3.75173542  
2.25715353   0.91630638   1.06864361  
1.97619882   1.51855498   3.19244715  
2.59759720   3.65625856   2.33211310  
# New molecule
4.09409594   4.02091165   2.92290711  
1.06670224   0.62192968   1.79683218  
4.27161454   2.57990189   1.11419451  
3.25116200   1.41441911   0.33154083  
1.74610239   1.46654266   4.07111002  
1.50549482   2.12146466   0.87496804  
4.08846678   0.98091570   4.01404851  
1.80722396   3.14273180   2.80865333  
3.12842171   0.97504863   2.18713868  
# New molecule
0.51948082   0.05034232   1.91993869  
2.22186925   0.77359098   2.59212387  
1.48344294   2.20474144   1.45035624  
0.66985235   1.75407155   3.79926841  
0.30029606   2.65196114   0.23116956  
0.83365594   3.84344396   3.85844845  
4.13345524   3.17757912   1.33232871  
4.26725634   4.11722449   3.23997651  
2.06916115   3.97787301   2.29948670  
# New molecule
2.43440866   1.99322040   3.95536319  
1.90332963   4.27463448   3.87237217  
0.04462882   3.61477221   0.86475205  
0.68313790   2.55357064   2.52456399  
3.96810312   3.74745929   4.09622843  
4.16761222   1.36154503   3.28503800  
0.05076511   4.06982763   3.75823615  
3.74253072   3.71364680   0.14006881  
3.83789848   2.96185776   2.05114979  
# New molecule
1.75318874   3.37630098   3.29212699  
0.03117988   3.87318854   3.89132014  
1.09703234   1.38183663   3.57340389  
2.61878321   2.99696224   0.59124598  
4.23910248   1.93962015   2.25510300  
0.14647256   2.82768743   2.35092196  
2.06405500   1.59741324   1.68067096  
4.24852293   0.35074119   3.60349188  
2.62455002   0.14144100   2.95457771  
# New molecule
2.23513030   0.66791103   0.05970484  
0.58796123   1.32165788   4.07184796  
4.25886055   2.37846129   3.93978501  
0.62481161   3.19337031   1.22376848  
0.31197669   3.59499032   3.20792987  
1.70618218   1.92845725   2.41158577  
4.12990214   0.44223921   0.93217323  
2.12121965   3.75500709   3.21437771  
3.24852378   0.64517660   3.40976368  
# New molecule
2.10917702   0.79603793   4.30282215  
3.38028704   3.41649862   1.92762294  
2.61923773   2.45478190   0.26351133  
1.58745671   4.08047074   1.97093455  
0.40369152   1.76502681   0.42874846  
1.74942894   0.75105688   0.00097344  
3.75704708   3.32076083   3.83208631  
0.16353904   1.44401476   3.00062110  
2.60989559   1.43182771   2.00067271  
# New molecule
1.97039251   3.36482907   3.43975355  
1.52410795   4.13632648   1.72406200  
3.62606700   1.06355993   2.51064300  
0.46383257   2.49387489   1.07446954  
1.42937061   0.40465999   1.65105476  
0.94219092   1.04213758   3.68186209  
4.15574116   2.89404568   2.90873981  
2.76077454   2.33228956   1.57459952  
3.03938787   0.09454735   3.88011873  
# New molecule
1.72479483   0.25646966   1.75187066  
4.13488350   0.94396733   1.17063213  
2.68963628   4.08771719   3.70821993  
0.73377410   2.78185187   0.17329957  
0.63399835   3.73981572   2.55810371  
4.01001520   3.94525971   1.85038787  
2.64226863   2.93052205   1.29242928  
3.17846212   1.44313090   2.85324173  
1.16338627   1.47319912   3.37061780  
# New molecule
1.47493746   1.73996008   4.24132855  
2.80819569   0.42379696   0.19540506  
2.01633309   2.59468799   0.41979246  
3.88862541   3.98141902   3.28515705  
0.26502135   2.18001833   0.85295755  
3.68825341   2.83885760   1.46483992  
2.66245578   0.31515254   2.19986068  
0.22513869   4.22146770   4.27418026  
2.15771233   2.20085266   2.58068048  
# New molecule
3.17576157   0.25912743   4.04808145  
0.21625770   1.90024662   3.45449369  
2.56105504   2.18060224   3.30370772  
1.11820582   0.17422555   2.85531860  
4.24972994   3.50283437   3.09293164  
2.31124408   3.06560239   1.47301379  
0.76832248   1.54383017   1.41344268  
3.74293885   4.10574712   0.97871721  
3.91036106   1.97445165   0.38257661  
# New molecule
0.39641484   0.16732774   3.99426771  
4.01178694   0.93981875   1.14780358  
2.28732168   2.43429720   1.27086906  
4.30256346   3.68345129   3.74957371  
2.22737676   3.52126995   3.16847138  
0.68635061   3.77626457   1.86718438  
2.48779338   0.82966949   3.46705506  
1.12540774   0.42549933   1.96705904  
2.07917099   0.59752688   0.34944026  
