# Array shape: (200, 9, 3)
# New molecule
1.74661678   -1.62759480  -0.75893358 
0.24901291   1.17040829   -2.10290370 
-1.51695069  -1.02088662  -0.26201913 
0.10218181   -0.83852639  -2.09511116 
0.50043616   1.94028130   1.18226687  
-0.46751791  0.62836712   1.87100051  
-1.19658823  1.53840561   -0.00883307 
1.90619222   0.18537910   0.11299218  
-0.55003759  -1.71270241  1.77360723  
# New molecule
-0.10298829  -1.91701040  0.58068793  
-1.51361664  1.01204672   -1.23389351 
0.30509157   -0.31923084  1.91384667  
1.42695757   -1.91380505  -0.54854746 
1.76944166   0.27811024   -0.34611129 
-1.62538325  -0.86539217  0.62094609  
1.66278072   1.96332631   -1.41753682 
-0.38972636  -0.87170617  -1.78242338 
2.14905864   0.89414594   1.65172850  
# New molecule
1.50377144   -1.06642994  0.64911525  
0.62271338   -2.10415718  1.64853832  
0.48310925   0.12760286   2.05364215  
-1.97960817  0.49824806   -0.13806068 
-1.42556763  -0.79126092  1.18254146  
-1.97362743  0.62252215   -1.98403717 
0.81217703   -0.11431196  -1.80622448 
1.51062949   1.37523969   0.24468318  
-0.78228780  -1.97798420  -0.19736095 
# New molecule
1.01428491   1.81462816   0.87052122  
-2.09677199  0.95645641   -1.98731511 
0.27407073   -0.79078574  1.94656896  
-0.11822641  2.10497646   -0.65271154 
-1.81791216  -0.69388065  1.24053579  
-0.79900248  0.81339090   1.41067482  
1.73061728   -0.64517143  -1.88144280 
0.18017072   0.19318204   -2.10573789 
-0.14468377  -1.57311678  -1.38677486 
# New molecule
1.01108053   -1.25870356  1.30331865  
-1.33669676  -1.51447653  1.47307255  
-2.01143792  0.89674260   1.32384751  
0.63796649   0.43437294   2.05955228  
1.51390025   1.69325179   0.90212687  
0.28920331   -1.51716203  -0.84540623 
-1.83486922  -0.50195229  -1.11247861 
1.27073997   1.74497454   -1.28118346 
-0.50642907  2.10737647   1.32582470  
# New molecule
0.32097839   -1.57669217  1.58814027  
1.16767991   -0.43943590  -1.25048270 
0.39022981   1.06741317   1.55526610  
1.94347636   2.01776407   0.57412110  
1.09157889   1.59354392   -1.16277595 
-1.68556293  0.18033113   -0.67269056 
-0.80139359  -0.67897898  -1.95309000 
-1.63302313  1.69515047   0.71808546  
-0.34110233  -2.10963091  -0.36512554 
# New molecule
1.70204901   0.44791882   -0.50719947 
-0.61361667  -1.51662303  1.24163015  
-0.82220915  1.76457917   -1.43575335 
-1.03403061  -0.17564948  -1.73107749 
1.91853279   -1.64920911  -0.54400408 
1.69079431   1.65521663   1.26380986  
-0.10087071  1.43133114   1.37170650  
0.47756124   0.57904688   -1.91322324 
1.40360434   -0.45721869  1.53694629  
# New molecule
0.59157402   0.69432332   -1.88282342 
1.72165282   -0.06347800  -0.39514312 
2.03364625   1.62927348   1.75795509  
-0.31163152  -1.27489657  1.92372310  
-1.37065695  0.66623094   1.64520056  
2.07575367   -1.15165650  1.33916229  
0.79582541   -1.92351827  0.16396066  
0.02174024   2.15186276   0.07703831  
-1.28208194  0.80015461   -0.87881624 
# New molecule
1.74018704   2.12845803   -1.44518047 
-1.23430309  -1.95821633  1.14815916  
-1.21562212  2.12624897   -2.11313484 
-0.83655384  0.99932026   1.39761459  
1.20302204   0.54787704   1.41416964  
-2.10988261  1.71693887   -0.42738456 
-1.99501820  -0.33107156  -0.19536495 
-0.24728638  0.09190682   -2.09171336 
0.55236568   -1.27608161  2.05678488  
# New molecule
-1.23009588  1.56799881   0.44444544  
-0.98172119  -1.75807298  0.20936420  
2.06582532   0.09360761   2.11129149  
0.50416240   -1.47902491  2.03257856  
0.97936888   1.13554890   -1.65182834 
-1.49734728  0.47337288   -0.98363318 
1.83828549   0.22501395   0.02431746  
1.67196425   -1.49400835  0.44585420  
-2.03686711  -0.24045610  0.83399282  
# New molecule
-0.90068417  -0.75157035  -1.57217361 
2.10561871   -1.47947245  -0.63264273 
0.48648457   -1.74796530  -0.21012992 
-1.03221498  -0.89604212  1.71999668  
1.43953674   1.00991230   -0.76457288 
1.82441299   -0.15408834  1.04924235  
-1.77602435  0.96949606   0.02224151  
-0.13950197  1.15822602   -1.57261553 
0.66070835   -1.77053218  -2.01610296 
# New molecule
-1.77041453  -0.97554191  0.28048349  
-0.95417446  -0.20571161  2.10328199  
1.54749163   -1.52323285  -0.47696525 
1.45897331   -1.13529560  2.04542426  
-1.37840409  -0.36468401  -1.88587538 
-1.78758013  0.88369269   0.15502640  
-1.89837507  -2.04675069  -1.32123025 
-0.32400174  -2.06309572  1.52096669  
1.53115399   1.24443068   -0.18455127 
# New molecule
0.05831322   1.82256804   0.02044608  
-2.12163028  -1.11587499  -0.29767012 
0.59441338   -0.95250950  1.75190623  
-2.03953074  1.03733200   -0.36841501 
1.65574571   0.02003714   -1.20938559 
-1.81884357  -0.47735475  1.49480750  
-1.44791625  -0.84107335  -2.04837941 
-0.69232595  -2.11898139  1.14859264  
0.91936439   1.80197259   -1.86064283 
# New molecule
-1.02399877  -1.59315181  0.56247044  
1.26552171   -0.90803832  1.24674364  
-0.85444222  1.86054348   1.81996999  
0.61313136   0.91118174   1.75983601  
-0.43795745  -1.65722477  -1.74216681 
1.31804807   -1.27093172  -1.20428944 
0.73678604   1.16629172   -1.22590456 
-1.54259989  0.09103793   1.86860519  
-2.11456960  1.22012534   -0.17018992 
# New molecule
0.27024199   -0.75459022  1.77158995  
-1.38527377  -1.75905457  0.71218311  
-1.68156328  0.69883537   -0.02093982 
-2.15339216  0.06001032   1.62645538  
1.56871634   0.27615762   -1.87510765 
-0.47631732  2.09447681   -1.25189881 
0.07481166   1.92274991   0.74809876  
-0.72536647  0.15109102   -1.66877923 
-0.76690563  -2.08619866  -0.94955768 
# New molecule
1.91831445   -0.17602069  -0.61896220 
2.13500074   0.33571613   1.82131096  
0.06656559   1.25676289   2.12612739  
0.61262366   -1.51512184  0.31588323  
-1.64600804  1.65607806   -0.64995237 
0.23380709   -0.66342827  1.96704147  
-1.11353217  -2.06094335  1.29381223  
-1.52340429  0.02549063   1.22349856  
-0.37689080  0.65168633   -1.69812284 
# New molecule
0.11288357   -0.36997482  -1.92259237 
-1.24929390  2.07724154   0.56166205  
-0.04610706  1.66889055   -1.71152047 
-1.86649150  1.96395038   -1.23628568 
-0.14024710  -2.02567138  0.05863631  
-0.92223265  -0.85327487  1.50996963  
1.69776317   -0.71329947  0.00079877  
-1.79990453  -0.79093790  -0.61603168 
1.82169301   1.99331937   0.40596360  
# New molecule
0.07541673   -0.69855537  2.01656525  
0.20233115   1.56800901   1.66298545  
1.74847701   0.83051539   0.98897608  
2.07187381   1.05284301   -0.87981451 
1.58642793   -1.82271109  1.74541777  
-1.45224200  1.13190970   0.53567804  
-0.69604289  0.39203179   -2.07882755 
-0.05813293  -2.01030520  -0.06870118 
-1.20838573  -1.73910848  1.25965121  
# New molecule
1.70600833   -1.00357693  -0.32463724 
1.88485211   1.26329722   -0.22133243 
-1.68723672  -1.28573819  -0.35809033 
0.62061746   1.41703932   1.42666474  
-0.03075792  -0.41463225  -1.80231355 
0.93633935   -1.30702031  1.72121110  
1.53431910   0.76344660   -1.92407073 
-1.64275296  0.10324378   1.47157694  
-1.07596936  -1.58938874  1.52472035  
# New molecule
-2.01531417  -0.53887967  -2.09534114 
0.22705338   -1.83013230  -0.33119723 
0.90443015   0.75875501   -1.68201591 
-1.73981118  1.22352324   -1.27704141 
0.15505516   -0.88494502  1.95675005  
1.09098764   2.13714437   0.79725136  
-1.43491078  -0.38921627  0.96012475  
-2.13273906  -1.66420968  -0.50658492 
-0.57727490  1.16140698   1.81813597  
# New molecule
-1.74420590  -0.64817506  -0.42147654 
1.88644915   0.15236309   0.05067460  
-1.36437664  -0.01058403  1.54124021  
0.91674511   2.09184705   -0.47799606 
0.63778845   -2.14537953  1.18520893  
0.48622158   -0.16273900  1.83089502  
-1.09058658  -1.95867503  0.56239030  
1.91757633   -1.89079701  -2.09691703 
-1.94190076  1.32363243   -0.69513460 
# New molecule
1.92592499   -1.84134224  -0.37024208 
1.67362647   -0.25454688  0.49498240  
-1.43704595  1.36204018   -0.39495050 
0.02586673   -1.83647960  -0.34512259 
0.69914292   -0.88534887  -1.97986977 
-1.17627534  -0.30930686  -1.75193067 
0.77061184   1.42393947   -0.58842979 
-1.33745311  -0.78343792  1.07704796  
-1.71904924  -2.05870709  -0.53953095 
# New molecule
1.56428082   0.50106189   1.95541625  
0.43640602   1.86547484   2.07171018  
-1.95868106  1.97136941   0.33750790  
0.21136272   -1.01746260  -1.80901551 
-1.07420009  -1.86373926  -0.10018182 
-0.26739525  0.07961388   1.99500112  
-0.50361106  1.22986495   -1.71802365 
2.12746043   -0.30412958  -0.70379192 
-1.76869219  -0.26702740  0.79712167  
# New molecule
-0.59746628  -1.35922607  1.60928225  
1.17979741   -1.40861684  0.59285170  
0.49465817   2.01026323   -1.47014295 
1.79554855   0.56336025   -1.63661903 
-1.14812619  -2.06629356  -0.56991805 
-0.71845914  -0.49698002  -1.84351415 
-1.53400972  2.13230702   -0.54240118 
-1.71963785  0.34563442   -0.11655084 
-0.02905735  1.57369967   1.59920147  
# New molecule
0.28243111   1.98144690   0.75947610  
0.84260461   -1.25062636  -1.83032127 
-2.09680875  -1.86931112  -0.12796066 
-2.06291044  0.70306228   -0.62545743 
-0.81269842  -1.06333380  -1.26037418 
0.70224876   0.35909084   1.71048316  
-0.29587561  -2.10005250  0.21220885  
-1.75163349  1.67941572   1.06198745  
1.12208959   -1.61239646  1.12898562  
# New molecule
2.09296253   -0.87878110  1.20141395  
-1.97404123  2.11492078   -1.87844327 
0.63283438   -1.86016217  -0.51753019 
0.71274928   1.73226048   -0.37173877 
2.12000094   1.01068910   0.66884574  
-1.15113117  -0.53473164  -1.50826836 
-1.81136862  -2.11311124  -0.16482524 
2.13257132   1.73459755   -1.69816245 
1.61596098   0.03604789   -1.21557581 
# New molecule
1.87624660   -2.13108319  -2.11273138 
-0.57988833  1.87970884   1.42712764  
-1.16707458  1.10305641   -1.86299978 
1.86214408   -1.15811498  0.45113968  
1.96863102   0.54648373   0.54909523  
0.77609282   0.53168305   -1.72998925 
-0.44007696  -1.48430940  -1.72898815 
0.34036450   1.81275638   -0.27796961 
-1.78061720  1.67622746   -0.04540472 
# New molecule
-0.87829189  -0.00470305  -1.71555699 
0.13337854   1.46711613   -1.81530509 
-0.17206730  -1.98030622  -0.13846104 
-1.85433296  -1.74740992  -1.58258215 
-0.41032643  -1.40173904  1.93199775  
-1.69466749  0.68571653   0.31758201  
1.54157290   0.56898376   1.87981373  
-0.15593809  2.10809121   0.72129001  
-2.11842273  1.86004264   -1.05807715 
# New molecule
-0.48900175  -0.88825056  -1.96684378 
0.46202819   0.47992946   1.76496487  
1.85910636   1.54384169   1.96900208  
1.59475800   -0.60360961  -1.38112522 
-1.32432039  0.77307689   1.96320812  
-0.70692195  -1.34564488  1.22191028  
-1.32115164  -2.00825702  -0.49487988 
1.03464448   1.63813497   -0.67741239 
-0.90548209  1.26247350   -1.10365404 
# New molecule
1.60744716   1.38609361   0.96536683  
2.00163812   -0.21224983  -0.39917217 
-0.57404299  1.54627234   -2.14062158 
-1.86001790  -1.10758630  1.87741215  
2.06691419   2.06098041   -1.19798826 
-1.50527563  1.11743502   0.67401405  
-1.27343822  0.04141168   -1.27652887 
1.10480878   0.08231979   -2.04186389 
1.92666740   -1.69324857  -1.75981368 
# New molecule
-1.73545803  1.62092994   1.90635895  
-0.74482873  -1.55437458  -0.42769356 
0.64359450   1.38682949   -1.30964966 
0.23652046   -1.91381066  1.46838479  
1.18379489   -1.36570808  -1.16358966 
-1.14582995  1.55779498   -0.00852596 
1.87274199   0.20091389   1.37653288  
0.50047922   1.85088483   0.92817896  
-1.62957344  0.76640376   -1.53100908 
# New molecule
1.72753112   -1.62544633  0.71551257  
-1.68970723  1.33420538   0.59648083  
0.47506512   -1.69844718  -1.02783224 
-0.20505464  0.68251649   -2.01773687 
1.86230850   1.13179596   -1.39587053 
-1.35198568  -1.09182909  -1.79936607 
0.11147195   -1.39328419  1.39517210  
-1.87352809  -0.01840086  2.00027060  
1.45025776   0.41074200   1.64888547  
# New molecule
0.56204929   -1.77654188  0.23682133  
-1.52155378  -1.26215951  0.91236582  
1.80410511   -0.43334318  -0.50521392 
0.42196357   -0.51235516  -1.79791264 
0.79574764   -0.03750780  2.11837018  
-1.81975214  0.92631851   1.47193785  
0.24527758   1.43088552   1.03281086  
-1.12146265  1.45243595   -0.33887064 
1.96152097   1.51995167   0.20725766  
# New molecule
0.98381414   1.26693079   -1.08815296 
1.43990386   -1.50804592  -0.18646776 
-1.36083888  1.24008682   0.92684002  
0.09655106   0.32991092   1.90229755  
1.87167580   -0.05105519  1.66845326  
-2.10824831  0.46916457   -1.53901588 
-2.10160529  -2.08177615  -1.56835764 
1.07780449   1.91360207   1.08475690  
-0.37355793  -1.86032806  -0.24372656 
# New molecule
-1.52330228  2.14111881   0.94148680  
-0.30209671  1.33263104   2.01107852  
1.20411429   -0.84114302  -1.31705929 
2.01344600   -1.76506078  1.41973300  
0.12620922   -1.29730453  1.72168715  
1.55734112   0.18961509   1.94750947  
-0.64786632  1.46488004   -1.49088500 
1.31043212   1.24587692   0.37922614  
-1.73637410  -0.21542771  0.84171553  
# New molecule
1.83249513   -1.68129968  1.14704008  
1.00946595   -1.86314208  -0.90441744 
0.14285063   0.38379748   -2.12219578 
-1.75450560  0.61095551   1.18742127  
1.79193430   1.51524862   -0.47564550 
-2.09740113  -1.81365234  0.43830817  
-0.40013948  -0.86317950  1.82851002  
-0.38166563  1.99992351   0.55070136  
-1.06583556  1.69135351   -1.25965124 
# New molecule
1.11063351   1.36852580   0.07807037  
-0.50603254  -1.04238506  -1.49264309 
0.42894628   1.15572948   1.91632649  
0.67435986   0.90067338   -1.93407692 
0.75044719   -1.63103555  0.38953415  
2.05120881   -1.67439481  -1.00368227 
2.03998334   -0.94946301  1.66558922  
-1.34994654  1.60711824   -0.99732259 
-1.66456792  0.30335444   0.86187853  
# New molecule
0.07394407   -1.99867219  0.48893144  
-1.63690292  1.97985467   1.17527349  
0.34893246   1.67375199   -1.90002609 
-1.62563801  0.98982425   -0.88857176 
-2.14204202  0.46469840   1.88594700  
0.13776907   1.85831243   0.68451109  
-1.39295578  -1.75877884  -0.89083962 
0.78121402   -1.52216748  -1.22078033 
1.82456923   0.92207691   -0.76434802 
# New molecule
-1.91460481  0.23509600   1.17558498  
0.46323696   2.05215347   0.46589079  
1.69073368   0.98946979   1.35155644  
1.15993026   -0.74707178  -1.12133828 
-1.85607857  1.55973102   -0.61411087 
-1.53300619  -1.26118629  0.20782214  
0.43526717   -0.83448958  1.79616779  
1.54794719   1.21039132   -0.94694110 
-1.58279735  -1.92292333  2.13462343  
# New molecule
-1.85794398  -0.99522435  -0.15494467 
-1.84466187  -1.62419922  -1.91535355 
-0.63414820  1.95308829   -0.13137200 
-0.78464912  -1.11288808  1.64497396  
-0.59997426  1.00239667   -2.08192588 
-1.48191993  0.59120303   1.07127799  
0.38606236   -2.06437211  -0.04125552 
1.85102014   1.74152213   1.28577161  
2.00874888   1.05667541   -0.98219352 
# New molecule
-2.00303191  0.51372576   -1.21035414 
1.88168245   -0.01403861  -1.13165964 
-2.02580879  -0.21503730  1.14086249  
-0.30737296  1.56207390   -1.92234794 
-1.30459513  -1.68387313  -0.05563303 
0.87865418   2.14377095   0.28823502  
1.23119615   -1.40362801  0.35144680  
-0.82759345  1.45450862   0.86799319  
1.69619711   1.17983948   1.50961761  
# New molecule
-1.04397897  -2.07007356  0.16908107  
-0.25459814  1.13641121   -1.51587241 
-1.57474037  1.02352607   1.00929007  
-1.85134054  -0.51209852  -1.20581955 
1.07368362   -1.26122141  2.04346479  
0.84984703   -1.35970187  -1.18114711 
0.56322039   2.14431353   1.08337871  
1.87533815   0.03466793   0.05772213  
1.23201332   1.68388210   -0.61978245 
# New molecule
2.02630004   -2.14362432  -0.53061079 
0.27846261   -1.42134299  1.80221308  
-1.84391180  0.17174445   0.27827731  
0.03015079   -1.78897727  -0.73230557 
1.94760390   0.65462766   1.10552641  
-1.27927649  1.24758648   -1.35587353 
-0.53992757  2.08112469   0.45340403  
0.32481916   0.94113870   2.03778198  
2.03306307   -1.88664435  1.63708650  
# New molecule
-0.35238963  1.63533477   0.53775661  
1.25746949   -0.65747487  -1.47177906 
-1.28271504  0.31056629   1.56196741  
-0.98060680  -1.97832543  1.82750514  
1.67203102   2.10484632   2.04401867  
-1.23150986  -1.32145024  -1.59735621 
2.12694915   -0.02964258  0.77324172  
1.47542080   1.06399994   -0.70981670 
0.78554418   -1.66785095  0.83028773  
# New molecule
-0.15915460  0.94017201   -1.55160633 
-2.02877666  -0.39968794  -0.99369343 
-1.23608914  -0.62088720  1.82438613  
1.41893852   1.99684473   -0.34947466 
1.96985580   0.15090952   -1.44083592 
1.61053894   -1.82003620  -2.12204128 
-0.46792366  -1.25360982  -1.27153502 
1.58942964   -0.41472838  0.86201507  
-2.05191553  0.91728595   0.82462581  
# New molecule
1.73868047   1.63670608   -2.01759150 
1.55101448   -0.97652169  -0.15867730 
1.78987641   -0.15538814  1.54401010  
0.81965547   1.85693073   0.11568837  
-1.49059061  -1.64167478  1.63972827  
-1.70948003  -1.88133302  -0.39044925 
-0.05276358  1.90531015   -2.09282485 
-0.76446993  0.10973167   1.95736951  
0.07429352   -1.78072516  0.57257459  
# New molecule
-1.90798815  -1.21185275  -1.80066247 
0.07126743   -1.24032341  -1.46937904 
-2.11029946  0.63599642   1.26200561  
0.39481444   -0.58817607  1.90473701  
1.50194312   -1.19361369  0.22330818  
1.12921642   0.63390652   -1.66008493 
0.13757513   1.93088891   0.92125416  
-1.51055333  -1.80505771  1.14629080  
1.78251630   0.64862583   1.44462097  
# New molecule
-1.83929926  1.65532223   0.58130492  
-0.52586918  -2.07075654  0.55523377  
-0.70736625  -0.51160562  1.84145451  
1.34804732   -1.14720501  1.74301634  
-0.53491189  1.37698821   2.06600592  
-1.08622064  -0.28650005  -1.75439783 
-2.05794636  -0.64625090  0.35115552  
-1.80598712  -1.94554466  -2.02547945 
1.26215967   0.29030314   -1.26741072 
# New molecule
0.26777703   1.20248717   -1.44800645 
-1.78302299  1.37766105   -1.29484952 
1.54623780   1.46421237   0.82715947  
-2.10251523  -1.32433091  0.00912571  
0.82217717   -1.21084416  -1.24470077 
-1.75452494  0.29982679   0.68352262  
-0.19561130  1.85183993   0.29663807  
1.96972929   0.10965908   -1.61092355 
-0.34046695  -0.20883573  1.72718591  
# New molecule
-2.00910500  0.18098354   1.55651138  
0.12053515   -1.78148959  -1.27011884 
0.27025504   2.03083407   -0.12881619 
1.78375548   -0.93062336  1.78649886  
0.16928716   -1.97367162  0.90881312  
-0.31161812  1.10171675   1.58427502  
-1.48218965  1.89772304   0.24399788  
2.01980613   0.30961555   -1.66885212 
-1.93190095  0.50315816   -0.85777584 
# New molecule
0.16635159   -0.47152765  -1.90835827 
0.12523925   2.05890551   0.75097273  
-1.94665615  0.13342192   1.79830091  
0.85711420   -0.79935988  1.76106236  
-0.77083125  -1.53263792  0.74170851  
1.04960885   -1.73450199  -0.56836143 
1.98019195   1.98906846   0.19326140  
1.99507228   0.35755108   -1.69144929 
-0.84306456  -1.74343758  -1.13206552 
# New molecule
-1.61150669  -0.35672131  -0.62881309 
-0.97037803  0.86505379   -2.09573406 
-0.51141746  -2.09037475  -1.44954192 
1.94819690   -0.12793048  -0.24685250 
1.10328366   -1.07844551  1.56199333  
0.85525194   0.41037448   -1.63142114 
-0.64107202  2.14336536   0.89065306  
-1.40185680  -0.53807765  1.37033743  
1.32282901   -1.69261930  -0.64484635 
# New molecule
-2.11278110  0.25145806   0.06255554  
1.95947833   -1.81232846  -0.97468879 
-0.11737223  2.01293478   1.01735702  
-1.31369341  -2.09171242  0.05650375  
1.91271580   -1.10582222  1.72723843  
0.23088443   0.00313770   2.06878648  
-1.32886422  -0.83368999  1.77140958  
1.59584655   1.85500657   -1.24657885 
1.63643117   0.56070678   0.85953713  
# New molecule
-1.09502109  0.27846824   -2.02154461 
1.60867977   -1.44684366  -1.71829027 
-1.85871798  0.84533569   -0.44877905 
1.87151184   0.03866926   -0.46940387 
0.51826858   -1.96390968  2.15177914  
-1.11500699  -1.86249527  -0.70371174 
-1.46966636  -0.56494515  1.06380895  
0.98830189   1.81363742   -0.77707905 
1.52150317   1.65543442   1.00486482  
# New molecule
0.83052306   1.66558391   1.21856643  
0.77981846   -1.97752561  -0.05419442 
0.27770645   -1.42643494  2.06721344  
1.69769559   -0.00548980  1.55991227  
1.85885804   -0.46990977  -0.65226472 
0.16156516   -1.81268273  -1.97792418 
0.50476681   1.08886850   -2.10293447 
-2.10684377  0.63111024   1.42045097  
-1.71220417  -1.81266924  -0.97467888 
# New molecule
1.90774393   0.37842991   -1.47600734 
-0.61704454  1.22142360   1.55655368  
-0.37882216  -1.19229365  -1.47176878 
1.87255420   1.72752817   -0.31723888 
1.07951379   -2.09104373  -1.74496780 
0.28176083   -1.55113808  1.95201362  
0.04597704   0.77801803   -1.71170705 
2.02295276   -0.36624207  0.22505299  
1.02684254   -1.93862710  0.09945985  
# New molecule
-1.88116085  0.36948299   -0.71364231 
2.02455073   -0.44636899  -0.06825993 
-1.76771943  2.09267906   -1.24245498 
-0.59130410  -1.92552142  0.19431991  
-1.88926506  -2.14926904  -1.55358628 
0.90156762   1.96907427   -0.23542157 
1.41924299   -1.88852851  1.10138517  
-0.52621811  1.62562676   1.28553132  
-1.17402900  -0.77827093  1.58799702  
# New molecule
-1.12882656  0.31663473   -1.78613475 
0.75162816   1.12831296   -1.78746896 
1.80500629   -0.33633556  2.07458940  
1.41885727   -1.79076387  -1.72552694 
-1.70019246  1.06594293   0.86106928  
-2.05620592  -1.02102422  -0.32406009 
1.76868427   1.24043858   0.06186744  
-0.72072846  2.08966377   -0.27183536 
1.46608647   -1.69833168  0.74161090  
# New molecule
-1.72479900  0.61276213   -0.37433672 
-1.92904708  -0.59432803  -1.71626106 
-1.26139554  -1.84185233  1.53944164  
0.04556576   1.22302330   -1.52360424 
0.93627833   0.74786529   1.74355232  
1.96220941   -2.02249575  -1.45030767 
-1.47867567  0.31504880   2.07325661  
1.78395743   0.63020047   -0.17487447 
0.00915714   1.99061585   0.27672490  
# New molecule
1.34804025   -1.20901799  -1.93015559 
1.52287384   1.67145879   -1.67389667 
1.88681132   -1.24629915  -0.07451913 
0.95097644   1.99812499   0.48556654  
-1.53476338  -1.14443162  0.22972498  
1.37465895   0.67330420   1.63688132  
-1.18474509  -2.00046599  -2.09860988 
-0.94628549  0.09846606   -1.91648090 
-0.71190624  1.83684685   -0.72511696 
# New molecule
1.49383847   1.34307860   0.15047436  
1.28862622   -1.42263671  0.94081287  
-1.81441606  0.46593836   1.01821574  
1.34851080   0.26774090   1.81237288  
-0.87536897  1.98568677   1.80123805  
-2.09950568  -1.12422342  -1.34519521 
-1.91123838  0.86916933   -1.10439489 
0.06191390   -1.96825961  -0.57532281 
1.48609801   -0.09599523  -1.92230464 
# New molecule
1.85229098   -0.48516919  -0.26779402 
-1.47416057  -1.95270847  1.46001265  
-0.98820273  1.15460788   -1.45859800 
0.52616515   -1.54413452  -1.30121119 
-1.43884386  -0.95824658  -0.58537573 
1.22582247   -0.98113794  1.31895679  
1.45106199   2.14451996   -1.06944475 
1.11993746   0.15102158   -1.76209254 
1.92480370   1.71009234   0.99610922  
# New molecule
-1.13622377  -0.52179672  1.64631986  
-2.09939676  0.26952393   0.28378537  
1.97894367   -0.14389907  -2.11618522 
0.74703719   1.52026808   -0.64199269 
2.14586250   1.64094623   0.41596054  
0.27241795   -2.01147792  -1.76416289 
0.68134532   -1.50484133  1.16352753  
-0.91885710  -1.58204826  -0.15069145 
-0.44223243  0.08392759   -1.84060829 
# New molecule
-2.03224919  -1.48921078  -1.22234665 
0.40427900   0.83495464   -1.96140701 
1.30557310   0.40826116   1.89974544  
1.05214437   1.88580650   0.14954683  
0.83169828   -1.78712530  0.03079078  
-1.57187570  0.66292214   -1.17883156 
-0.98985894  1.65180498   0.64838069  
2.10172934   -0.33694887  -0.45085464 
-1.42694866  -2.09583304  1.91707450  
# New molecule
-1.73078478  -1.02961178  -0.98018945 
0.27965842   2.07894032   1.88094639  
1.48947989   0.79431031   -1.00228708 
1.78267175   -1.26306680  1.06344219  
-1.33480716  -0.49999290  1.09214744  
0.34090725   1.86126190   -0.16389182 
-1.62705951  1.49605851   1.26782424  
1.77132035   -1.45391552  -1.43928217 
-1.41173787  1.29202246   -1.04790212 
# New molecule
-1.16288371  -0.71167855  -2.11760711 
1.60878085   0.42626353   0.50010347  
-0.43837437  1.13531773   -1.69569836 
1.63901516   0.15657865   -1.93313262 
0.37470247   1.91519612   0.01995210  
-0.46459680  -1.68380977  0.44247926  
1.23997844   -1.51121635  -1.42607125 
-0.09065163  0.54958662   1.82372169  
-1.77366220  1.10142327   0.21696965  
# New molecule
1.98346649   2.09266523   0.22004453  
-1.04034678  -1.45103257  -1.62440478 
0.39876121   0.07618411   1.84020079  
1.86018806   0.44414702   -1.32071895 
1.34168418   -1.39249277  0.26159842  
0.43548553   1.52412709   -1.08972716 
1.60450695   -1.32691288  -1.68006307 
-0.79955863  -1.86002588  0.18029703  
-0.03229426  1.97876413   1.12315035  
# New molecule
-1.30282543  -1.67327265  -0.21003125 
-1.84438929  1.96120013   1.98229371  
1.48308325   -2.06928732  -1.19400000 
1.89331111   0.71439906   0.49069162  
-0.39692134  -0.25858998  -1.72849554 
-0.30075964  1.72359698   -1.93159532 
1.12550826   -1.46620944  1.06978615  
1.32890447   0.65865116   -1.31348496 
-0.07963372  0.36415045   2.04433759  
# New molecule
1.63203857   0.25958137   -1.40266015 
-2.04607180  -1.92575109  0.42910863  
1.45045934   2.03562521   -0.39094091 
1.73707431   -0.20973154  0.53259516  
-0.37282089  -1.90291324  -0.58424872 
-0.18177290  1.47651955   1.56489991  
-0.98038527  0.06851818   -1.71583258 
0.43161794   -0.49938016  1.68516921  
1.67130912   2.04742691   2.12932195  
# New molecule
2.02651079   1.04839469   1.03668430  
-0.92250999  1.64457809   -1.01562716 
0.69165369   0.64159853   -1.57171414 
1.54488792   -0.92934273  1.82213709  
1.62794437   -1.97339058  -1.63875576 
-0.20923559  -1.65244807  1.35072443  
-2.05367766  0.35270817   0.61529946  
-0.10805218  0.25690158   1.96012581  
1.73993967   -0.81809305  -0.11833681 
# New molecule
-1.45689978  -0.46976122  1.81368716  
1.75562382   -1.93794808  0.68282708  
-1.40511280  -1.42431371  -0.43680807 
-2.08100042  0.90742935   -1.79965718 
0.45327323   2.00148288   0.45228578  
-1.89037745  0.85142031   0.33978994  
0.14091024   -2.04152858  -1.50299768 
1.93392564   1.13987412   1.76644758  
-0.54430711  -0.15555910  -1.95405086 
# New molecule
-2.02412354  -0.40465637  -0.43202555 
0.93938291   0.70802786   -1.65158890 
-0.51620929  2.07648406   -0.53911152 
-0.99638763  -1.35569177  1.42798199  
-1.90650349  -2.09689863  -0.57196733 
0.08665154   -1.33480432  -1.31625847 
1.98133635   -1.81242878  -1.19875868 
-0.39750153  0.70323213   1.95365332  
1.47328702   1.29564534   0.19082219  
# New molecule
-1.43186275  -1.41459159  1.97223268  
-0.31036832  0.07681261   2.06859152  
-0.78281838  1.35285484   -1.26505253 
1.27780992   -1.10790502  0.53313921  
2.07745369   0.72396994   1.28763621  
1.70915725   0.79810196   -1.94837379 
-1.58153241  -0.71240744  -0.84265008 
1.04139620   1.43295070   -0.32220364 
0.43767193   -1.89953324  -1.23856092 
# New molecule
1.91927856   -1.56657956  -0.18350669 
-2.02462314  -1.24648912  -1.58979440 
0.96107552   1.31848423   1.13203224  
0.01558917   1.12816236   -1.57435424 
-1.77380184  -0.00713446  1.11513424  
-0.10354241  -1.49658133  -1.34390370 
-1.03974480  -2.10933789  0.86026434  
-0.98612031  2.00388906   0.07894308  
1.25907565   -1.59821530  1.56936051  
# New molecule
1.29725838   -1.15648562  -0.48507773 
1.72939944   0.62997089   0.86667652  
-0.00040480  2.10975170   -0.04368633 
0.71086240   -1.53492480  1.27177869  
-2.00327917  0.37362197   1.07175753  
-2.02518746  -1.85347956  0.39281673  
0.43454348   1.72376505   1.85508831  
1.42918738   1.95718885   -1.21417708 
-2.02274044  2.14994154   -0.60231510 
# New molecule
-0.88151484  -1.47611416  -1.55913498 
-1.47388920  0.33685286   -1.70219777 
-0.92673457  2.14562556   -2.14859262 
1.80737597   -1.78682913  0.33745363  
-1.76845263  0.94932989   1.40576141  
-0.39954791  -2.15008439  0.78559132  
0.30957650   1.17380334   1.47588506  
0.63400324   1.65377813   -0.86636031 
1.26551571   -0.68881835  1.64708461  
# New molecule
2.09671966   -0.91769990  -0.53868371 
0.34431488   -1.26879907  -2.05941430 
0.42231134   -1.97796660  0.06948272  
-1.01337932  0.91531724   1.72986772  
-0.93664648  1.74892674   -1.37551309 
1.97825430   0.92330274   -1.47163582 
0.54264939   -0.18410545  1.81441959  
-1.41500787  -1.11825318  -1.00430688 
-1.73301269  -1.03291249  2.12655759  
# New molecule
0.38304385   -0.04464970  1.84772172  
0.10630613   1.19555050   -1.41717902 
-1.24545686  -0.43329673  -1.85930712 
0.85993340   -0.55582334  -1.42130625 
-1.80578741  1.86922630   1.57255554  
1.18917789   -1.78713949  2.07184342  
-1.97597293  -0.56060904  1.22950403  
-1.93416235  0.98986839   -0.47836575 
1.09862880   1.78428900   -0.00680801 
# New molecule
0.56974733   0.94105727   1.55320078  
2.08704158   0.74863178   0.36216662  
-0.39365073  -1.76653973  0.20495752  
0.90004094   1.72437672   -1.21150912 
-2.12076181  0.31948100   -1.62592806 
-2.14415078  -2.08458376  -1.59143380 
-0.09638656  -0.62227093  -2.02794152 
1.76854342   -1.18582411  1.09071121  
1.60080416   -1.68154124  -0.94145529 
# New molecule
1.75175628   1.41338044   0.55219063  
1.71018476   -1.15217162  0.32858516  
1.57729850   1.58958500   -1.21358200 
0.54977182   -1.85046556  -1.16582252 
-1.23715732  0.33250601   -1.80627275 
-1.46048655  -1.70552763  -1.88852660 
0.06453708   1.01336605   1.93828759  
-1.33251978  2.00402757   -0.23299503 
-0.16235055  -1.73886550  0.62184253  
# New molecule
-2.06575898  -0.20932192  2.10641999  
-0.34653780  -1.18604321  1.79101149  
-1.99712701  -1.97393986  -1.21955164 
1.91869515   0.19468878   0.05316616  
1.16235274   -1.51152226  -0.80942308 
-1.51700827  1.96946307   1.93030477  
1.65665932   2.02731422   1.61817301  
0.03905498   -0.62276821  -2.12836829 
0.37615997   0.59326906   1.94597550  
# New molecule
-1.17212742  -1.72023863  -0.93457928 
-0.55474686  1.48296271   1.11483223  
1.97056130   0.56441930   -0.50771901 
1.11923244   1.60634762   1.96127325  
-1.08749526  1.47866670   -1.16298875 
1.85362130   -0.13318388  1.19759690  
0.72851093   2.08614361   -0.32620985 
0.45999889   -1.80657247  0.83591634  
1.92083508   2.00050658   -1.93269080 
# New molecule
-0.98225785  -0.60471220  -2.03235699 
-0.64901755  1.91571624   -0.26070746 
-0.14238202  0.90705791   -1.70976610 
-1.81406287  0.41224363   0.22307071  
-1.18144988  1.68554690   1.51440776  
-0.24766548  -1.84341749  0.31137288  
-0.11831074  -0.57027841  1.65078120  
1.64069096   -0.11685800  -0.93090436 
1.28510432   1.69789966   1.51421067  
# New molecule
1.44761963   -1.29915751  1.15036698  
-2.03568936  -1.48081548  -0.62968592 
-2.05739692  1.21274245   -0.54443621 
-0.27850043  -0.35373725  1.80303087  
1.48796101   0.00228773   -1.82223688 
-1.51254589  0.06127593   -1.90756434 
-0.74367311  -2.04514345  1.08311651  
0.86260778   -1.99407356  -0.90496005 
0.53424873   1.90693520   0.77290370  
# New molecule
0.53247951   1.97740118   -0.68992038 
1.85160783   0.14912301   -0.79730827 
-1.16446425  1.96588689   -1.68758011 
0.45439408   0.57578306   -1.91924194 
0.86340949   1.24532300   1.28450648  
-0.86854786  -0.79989111  1.33071190  
2.10084820   1.89119752   -1.71061137 
0.91790592   -1.88362551  -1.84937498 
-1.41861969  1.24413467   1.33361459  
# New molecule
-1.51258665  0.32103672   0.95133177  
-1.66486164  1.54912350   -0.74225962 
1.75809850   0.13412584   0.94380371  
-1.67606148  -1.16509294  -0.74903788 
0.37675549   -1.08484302  2.10874868  
1.32962495   0.19747790   -1.19110261 
-0.37389407  0.17613104   -2.09301073 
0.49471707   2.00502002   -0.34926877 
2.02866995   2.00870269   -1.67781123 
# New molecule
-2.00198251  -0.01169409  1.39868018  
-1.55986212  1.17964714   -0.38500918 
0.34895262   2.07287242   -2.03285793 
-2.13413058  1.94081409   1.51099331  
2.04216736   -0.35601824  -1.82048278 
-1.48553320  -1.20293533  -0.09352362 
-0.13688390  1.50789151   1.51281285  
-0.90180045  -1.31324329  1.68973824  
0.19831729   -1.62779348  -1.40269363 
# New molecule
-1.85646557  -0.53525490  -2.11428543 
0.09631089   -0.35432045  2.04187176  
-1.90789158  1.36746492   1.99614464  
-0.02458622  1.51483937   2.09505560  
-1.90804846  1.67215034   0.05261148  
1.31011502   1.69853232   0.47348009  
1.91532135   -0.59088664  0.41317746  
1.83720956   -0.66639499  -1.88012383 
-0.15587480  -1.27368557  -1.58747428 
# New molecule
-1.64018427  0.97617706   0.21903360  
-0.81747717  0.44930095   -1.52048445 
1.67415432   -0.04188898  0.73736273  
1.31122776   -0.27064293  -1.68162678 
1.80613467   2.06298988   0.77477603  
0.28592875   -1.08179827  1.91803782  
1.16951055   -2.13646779  0.81111311  
-1.01585645  -1.65052593  -0.87319261 
-1.66335818  -0.83755821  0.92692650  
# New molecule
0.06419816   -2.02047873  1.83531403  
1.12827206   1.39044787   0.46240732  
1.61784869   -1.96565569  -1.54250543 
-1.24924733  1.85247591   2.13849984  
-0.07831147  0.16212825   1.90023964  
1.14886185   -1.16885004  0.71830709  
-2.02976146  0.21962050   1.08063974  
1.67841106   0.11512908   -0.95621171 
-1.66450843  -1.53088481  -0.66697338 
# New molecule
-0.81609122  -1.69650701  1.17711411  
-0.88581194  1.24804114   -1.15070047 
1.39004953   0.60321649   -1.20118051 
0.48658793   1.88130676   -0.10760737 
-0.88343216  -0.41883053  -1.84534083 
0.89845429   -1.93854986  -0.83930744 
-0.77207917  1.57012865   1.29723263  
1.30447884   -0.88354228  1.23873666  
-2.15160032  0.77082338   0.56842758  
# New molecule
-1.47558809  0.35622971   -1.09602405 
2.00963421   -0.72500626  -0.03385450 
0.06832872   -1.20750444  -2.01867013 
1.10376613   0.51480419   -1.68154767 
-1.57560030  0.18181270   1.84491419  
-0.96494541  1.55973373   0.66269622  
0.98696042   1.37260322   2.08348625  
0.86868858   -0.43689407  1.74764074  
0.53637399   -1.79042974  0.32784983  
# New molecule
-2.05105795  -1.19971747  -0.24412651 
-1.37077479  -0.40091789  -1.80365995 
-1.27497074  -0.14372538  1.90977374  
2.15066903   -0.46926537  0.52493455  
-0.54456133  1.64014042   0.18368344  
0.82881824   -0.68213548  1.92111729  
2.04284759   0.97374872   -1.28132476 
-0.05465572  -1.91319115  0.86032108  
1.30271742   1.39715854   0.46534655  
# New molecule
1.80510447   0.11409832   -0.27507996 
0.79476366   0.86292182   -1.93714482 
0.99238178   -1.56041814  -1.71010245 
-1.77817880  -0.86342643  0.77965951  
-1.43171787  0.81343162   -1.77961862 
-0.90813417  -1.92078966  -1.06477213 
1.79730257   1.66941298   0.82897314  
-0.34326982  1.69491954   1.40884458  
-2.14743356  0.72382812   0.16909180  
# New molecule
1.06067704   -1.81034229  -1.87004027 
-0.06778221  1.75238501   0.35591546  
2.13372244   -1.67189008  -0.05227028 
-1.21277030  -0.17917845  -1.54098895 
-1.31829806  0.10156879   1.94080444  
-1.93483717  1.76936388   -0.29282508 
0.25129783   -1.81816102  -0.17070260 
0.50648928   -0.76716137  2.04500642  
-1.49257568  -1.94023351  0.56778646  
# New molecule
-1.08606271  -0.81669693  -1.55668418 
-0.81735356  -1.77329433  0.59486025  
-0.45571617  1.02230495   -1.57273757 
-0.43971417  2.04125472   1.29354256  
-1.45608533  0.56866835   1.06983819  
0.67251703   -1.93368643  -0.84506924 
1.89109038   -0.21708869  0.72185174  
1.43471522   0.98409598   -1.83311849 
0.86188296   1.48915890   -0.25299197 
# New molecule
1.99918064   -0.13966232  0.73630586  
0.36670376   -1.16446538  1.71101546  
-1.38945412  -1.94498887  0.73343972  
1.87185844   1.86099862   1.20132836  
1.10741806   -1.80466721  0.19454775  
-1.24672234  1.62389230   0.39199735  
-1.06331204  -2.09911227  -1.21274593 
-0.98840543  0.12871519   1.69497731  
-0.06765865  0.01224614   -2.00237977 
# New molecule
-0.72285691  1.52246295   0.64052956  
-0.88551378  -0.81254027  1.85186955  
1.83784280   0.61894813   1.04877750  
0.50809991   2.01894130   -0.65877234 
0.73725818   0.49321231   -1.91151153 
2.13356497   -1.85619915  0.63335778  
-2.03241160  -1.28597962  0.48690696  
0.26573042   -2.09233481  0.40915405  
0.36545129   -1.45749074  -1.79158773 
# New molecule
-0.95899028  2.04051345   0.57812576  
-0.07832295  1.87883106   -2.07413898 
1.46707485   -1.20151318  -0.79129067 
1.51918606   -0.55630467  1.09997237  
1.73348015   1.04442679   -1.94286580 
1.07494351   1.81443934   0.37753607  
-2.15364644  -1.79920497  -0.22642828 
-0.42093669  -2.04665221  -1.06478189 
-0.93085264  0.69565420   1.98041168  
# New molecule
1.92559518   0.32506570   0.26540924  
0.39669892   0.84885165   -2.03552886 
-0.95955966  1.51118381   2.05383299  
0.76710155   2.06698997   1.21501900  
-0.67975701  -1.75357397  0.81257417  
-0.23293268  -0.20287808  1.80730121  
-2.09464457  0.28535448   -1.25814183 
-0.86971688  -1.03450470  -1.51093658 
1.95928015   -1.19372208  1.31766742  
# New molecule
0.80018043   1.73557754   -0.19238284 
1.51454478   -1.01070981  -0.43107051 
-1.72719643  -2.05135025  -0.08693090 
-1.45882492  1.40838718   -1.49434683 
-1.12115379  -0.87039750  2.07662034  
0.08233311   -1.95485895  0.65787500  
-1.31929637  1.61029940   1.23051634  
-1.16594224  -0.54201445  -1.76745094 
0.93539536   1.93741452   -2.06860717 
# New molecule
1.88581933   0.87180909   -1.92023726 
-2.01577714  -1.44441978  0.52010643  
-0.43186409  -1.49743709  1.84591017  
1.29934979   1.60465956   1.97913038  
0.97040923   -0.34587771  1.97928695  
-1.65436573  1.29595990   -1.29088050 
1.23740394   -1.55147119  0.39992495  
0.51504797   1.97338023   -0.70834695 
-0.79527819  1.11675852   1.58615711  
# New molecule
1.68792870   1.31339012   1.57448918  
1.03766155   2.09606329   0.03197908  
0.88537747   -1.91568516  0.01440118  
-0.67314827  -1.30905526  -1.27553778 
1.83489107   -1.25811884  -1.36228142 
2.10489677   -0.13874647  0.23865286  
-1.86877384  0.56270410   1.75460243  
0.47055008   -0.94403636  1.70455935  
0.18107334   1.62768856   -2.11222398 
# New molecule
-1.42158182  0.21268639   1.62012327  
2.15078404   0.97663667   -0.16415979 
-1.91245457  0.95724943   -0.69474828 
1.46885470   0.33664132   1.92055081  
-0.63401342  -0.54956565  -1.83704122 
-0.82834553  1.88898395   0.29370866  
0.38960493   1.72623685   1.85690371  
1.47566852   0.08050803   -1.67018442 
-0.16547292  2.08300517   -1.53396342 
# New molecule
2.09750568   -1.55053691  -0.52995423 
-1.37565916  -0.08422735  1.63439673  
0.41660604   -1.17243341  1.59252740  
-0.13902853  2.08870127   0.06247058  
-1.90507949  0.78582123   -0.00132237 
0.62481396   1.17262263   1.92238270  
-1.38735769  -1.11159901  -0.48178081 
0.21739148   1.99998853   -1.61302932 
0.33205821   -0.94745348  -1.73840671 
# New molecule
1.32417718   0.64226306   -1.65053209 
-1.51312490  -1.12416911  1.92888960  
-0.48294792  -1.34151642  -1.26892996 
-1.86104136  -0.93256013  0.24807882  
-2.10695798  1.88600668   -0.45021343 
0.06013950   1.79836745   0.84400627  
1.77158721   -0.40015564  1.02346179  
-1.30309863  0.70509803   1.63092067  
0.30267408   -1.82794948  1.17882925  
# New molecule
0.48887929   2.08127577   -0.57346514 
-0.59431769  1.87214135   1.90957553  
-1.76745796  -0.52930496  0.89757031  
1.09831169   0.91685182   -1.95997747 
-0.49350968  -1.99207195  1.63166323  
1.71457584   -0.39004099  -0.72027687 
0.62693429   0.11907431   1.79568489  
1.87883597   -1.80710169  1.72657403  
-0.77303988  -1.64746548  -0.98169006 
# New molecule
-1.99755699  1.75381592   0.26444484  
-1.59327135  -1.11658014  0.94800580  
0.78362982   -1.36757217  -0.94489560 
-0.36325908  1.78367490   -0.23218401 
-1.48362158  -1.73121842  -1.05943376 
1.99329273   0.01491954   -0.46888032 
-0.52261529  0.72937645   1.76297486  
0.17528136   0.56875852   -1.70795435 
1.28414298   -0.20417220  1.76475235  
# New molecule
1.43247361   -1.30174513  -1.78234066 
1.12207223   0.71053924   1.84893976  
-0.96184793  0.14648193   1.72423860  
0.53108841   -1.40571880  1.82173569  
-0.45807278  0.20026224   -2.01788517 
1.51269150   1.67123215   0.49247622  
-1.38479484  1.31066322   0.42195255  
-1.57003078  -1.08651316  -0.71468579 
1.02435402   0.97233658   -1.23272309 
# New molecule
-1.67390518  0.24698090   0.97543189  
-1.12489556  -0.04019279  -1.68487520 
0.67753080   -0.64445051  -2.01735763 
-0.01660904  -0.82724012  2.02802322  
1.84308970   0.23193452   1.90953976  
-0.66676531  1.91737275   -0.85158220 
1.85776162   1.27531029   0.14523402  
1.67314089   -1.78642202  2.11925100  
-1.37882206  -2.06848995  -1.28766754 
# New molecule
-0.96327710  1.82904193   1.35648612  
0.42211300   -1.86963493  0.12602151  
-1.24397663  -0.85027977  1.29292093  
2.01113437   0.75388353   -0.62055293 
-0.27986525  1.34114077   -1.72729559 
-1.07867042  -1.45904021  -1.52922681 
0.26584763   2.02595837   0.03231167  
1.09736466   -0.80518963  1.41465132  
1.60675985   1.38189776   2.12022895  
# New molecule
-1.29180234  -0.25017983  1.96487509  
2.02849797   -2.02854079  -0.08069463 
-0.31404758  -2.08991779  -0.61068156 
-1.36441751  -2.04596620  -2.04040815 
0.89905417   1.53628251   -1.78654260 
0.19098057   -1.89820154  1.30102598  
1.92365935   0.24401171   -0.26655746 
-1.89663536  -0.37113785  -0.58391244 
1.64248095   -0.86674058  -1.94174076 
# New molecule
-0.94110613  -1.35581093  -0.83569809 
-1.81696085  0.04740311   1.65461038  
0.51252711   -0.00868497  -1.93076262 
-0.10602987  0.87773216   1.99180372  
1.88260930   -0.78580892  0.91091875  
0.86719921   -2.06526539  -1.84844998 
0.11051382   -1.07000586  1.34835250  
1.49714258   1.80302566   -1.27669472 
1.56696759   1.75757379   0.92072690  
# New molecule
-1.04403891  0.22825822   1.76670288  
1.01793747   -1.30677189  1.85252025  
1.14596093   0.76507529   2.03375847  
0.53675658   1.88339306   -1.94926053 
-1.51949990  0.44730344   -1.63472133 
1.15232987   -1.98425504  -1.88048186 
-1.69033847  -0.69485189  0.13472042  
1.23010262   2.08892793   -0.17368456 
-0.19001705  1.88832540   1.06914904  
# New molecule
-1.80802082  0.12972014   1.19619487  
-0.71313238  -1.61194668  0.98151777  
1.69144908   -2.14345437  2.12406957  
1.86171275   0.36532622   -1.00362766 
-1.64669676  -1.38219442  -0.88047269 
-0.50457564  1.82708334   0.85325046  
0.12292933   -2.07012674  -1.18633467 
0.46027829   1.98778927   -0.95128194 
2.07533638   -2.14720587  -2.13241379 
# New molecule
-1.21138281  0.69213096   1.10795601  
-0.19092856  -1.64504942  -1.89887628 
-1.52116731  -1.56335137  -0.70839504 
-1.05875312  1.33943070   -0.69315808 
1.24888542   1.89197958   -0.06277140 
1.26421881   1.26878975   1.81705287  
1.12680553   -0.71563740  1.57641927  
0.06126363   0.76981685   -2.10524773 
-1.10036819  -1.35087038  1.22858803  
# New molecule
2.12379019   0.53871644   -0.24184725 
-0.32674096  1.92364128   0.30884390  
-1.49390501  1.27682938   -1.37476685 
0.82915211   1.68440577   1.96759417  
-1.53358818  -1.45347354  1.03945146  
-1.07256222  0.48887145   1.64653348  
0.16787831   -0.77366746  -1.89793034 
0.23609434   -0.47015989  2.07875147  
1.00366374   -1.78726588  0.63854864  
# New molecule
1.95585775   1.41743468   -0.34482635 
-1.33231409  1.64034292   0.39809705  
-2.13539403  -1.32872733  -0.06494875 
-0.36818769  -2.00623161  -0.02889140 
-0.09153668  -0.95038842  -1.77078153 
2.13970557   -1.79836520  -0.19504233 
-1.15324443  -0.08937315  1.67520439  
-0.63786848  1.34915244   -1.65333327 
0.29811961   1.54713185   2.01220644  
# New molecule
-0.01831570  1.03193058   1.80627864  
-1.62050727  1.56913135   -0.87318971 
-1.18668255  0.25816446   -2.14163250 
0.27588867   1.81676460   -1.15436238 
1.14082547   -0.11078823  -1.69469083 
-0.32276978  -1.02282105  1.82156480  
-1.95102829  0.38323920   0.77876684  
1.67302905   0.38357032   0.75986476  
1.82984265   -1.23209993  0.10458312  
# New molecule
-1.96639672  0.77331389   0.08394993  
-1.01446512  -0.61366949  -1.75466309 
2.03184620   0.43722031   1.87451989  
-1.49252851  2.03658585   1.50428015  
-1.63980204  -0.62821307  1.36535794  
0.95709492   1.56389228   0.11496938  
1.11211308   -0.67533545  -1.70801831 
0.22929692   -0.24871389  1.74670188  
-0.47053431  1.56674823   -1.26957101 
# New molecule
1.25069037   0.74823117   -1.40250080 
0.75374614   -1.73255821  0.12868646  
-1.95342625  1.80793367   1.02210467  
-1.36967401  -1.62144557  0.69505775  
-0.96781144  -1.04520488  -2.00525184 
-2.13110500  0.09192511   -0.07275402 
1.84454924   -0.93433387  -1.08611176 
-1.31611418  0.85204857   -1.99737569 
-0.19518810  1.89006850   0.54425262  
# New molecule
-0.23623541  1.93158575   -0.32307746 
1.51013935   -1.20440052  2.15133143  
0.18161858   -1.52156160  1.10381225  
-2.04175262  1.59188365   -1.02933339 
-1.28975302  -0.13290593  -1.32075500 
-1.51581455  -0.99051467  0.29381168  
0.45628920   -1.68132355  -0.88341210 
1.96437413   0.68000253   0.68649991  
1.91558399   -1.46018264  0.00049079  
# New molecule
0.66831330   1.79211314   -0.48776525 
0.10593524   -2.04504540  1.96058859  
1.87305305   -1.64902325  0.72522699  
1.16494414   -0.03319555  -1.39618390 
-2.10306020  -0.10831154  0.25587548  
-1.70309125  -0.39904984  -2.09314957 
-0.07269266  -1.87972937  -0.57101117 
-2.02602479  -1.77913979  -0.75683807 
-1.24109850  1.78643909   -1.41925660 
# New molecule
-2.06720182  -1.48627859  -0.60821465 
0.02468623   -1.81580462  2.12889276  
-1.96536964  0.70525476   -0.22253132 
-0.60602249  -0.76700622  -1.58287723 
0.92090144   0.22927754   1.90690952  
2.09894977   1.67804309   0.69664049  
0.11194252   -1.98807401  0.05924827  
-0.38358337  2.04599829   -0.65375178 
1.83710858   -0.71820921  0.57630955  
# New molecule
-1.77410329  0.16560891   -1.21946074 
-0.87807134  -1.92358808  -0.50387135 
0.09432550   1.34094347   1.83147922  
1.62652119   -1.52029870  -0.90450266 
1.52776188   -0.15292588  2.14624264  
1.90095934   1.07408466   0.11043719  
1.76612182   1.94228153   -1.95573813 
0.66289702   0.46765332   -1.76443476 
0.43925035   2.05533491   -0.44950176 
# New molecule
-1.96193465  -0.14050308  0.70770750  
-1.30304518  -1.57898789  -1.27569074 
-0.12310775  0.20884079   2.02311331  
1.35493799   -1.09995580  -1.04877303 
-1.98146505  2.12808713   0.02964691  
-0.03133421  -2.13643509  0.83340621  
-1.89589595  -2.14206592  0.80931354  
-0.18690382  1.95795390   1.17209414  
0.18954771   2.14882575   -1.32004790 
# New molecule
0.66638060   -1.57890706  0.47261194  
0.41306860   1.85807741   1.23617245  
1.39603597   0.83164346   -2.07179909 
-0.73723698  -0.49708122  2.12132994  
1.38256215   1.46384958   -0.26407982 
-1.92309764  -1.73588116  -0.21083961 
1.87709710   -0.80280682  -1.22558687 
0.13976181   -1.68834944  -1.35984483 
-1.08878240  1.80198921   0.14221372  
# New molecule
-0.81501773  -2.02876312  0.20603705  
-1.69818096  0.25455528   -0.61583999 
0.78475446   -1.61787511  -1.03142267 
0.47940845   1.84223254   0.25563461  
1.80125539   -1.71275514  0.59697664  
0.21207079   -1.63601000  1.82897378  
0.77488637   1.50989777   -2.13514211 
-2.01111646  1.63577638   0.48653952  
1.91500815   0.19905896   0.31758796  
# New molecule
-1.81926203  1.63002864   -0.37032003 
0.26113629   2.15145217   0.85721368  
1.65712981   1.63102573   -0.10499558 
1.26442520   0.54382004   1.56720238  
-1.61043202  0.11757415   -1.54572202 
0.84187858   0.73499705   -1.81593743 
-1.46638998  1.19592027   1.40270617  
-1.35671202  -2.09126629  -0.09372687 
0.42249672   -1.52542185  1.65940806  
# New molecule
-1.38916646  -0.41317069  -1.46850858 
1.90005310   -0.07013830  -0.18648917 
-0.68869333  -1.93386177  0.98075853  
1.21885856   -1.75086058  -0.66286022 
-0.20579260  2.09750640   -1.64183799 
0.44860344   0.47753843   1.93522827  
1.06519641   0.07251678   -2.08530327 
-2.02964067  1.23598304   -1.07582410 
-1.47414540  1.55639476   1.43458912  
# New molecule
1.66275876   -0.04711079  -1.61435540 
-0.71957969  -2.14533422  0.28024196  
1.01732682   1.97828432   0.10835970  
-1.10211380  1.62027502   0.55260154  
-0.86748459  -0.19047100  1.80371972  
-0.17055446  0.18330015   -2.03906651 
1.36965455   0.92447146   1.44272364  
0.82521452   -1.71070985  -1.91587574 
-1.99900582  0.18424019   -0.12901971 
# New molecule
-1.67436826  -0.22859049  1.48507179  
-0.70455567  -0.85601902  -2.13509140 
-0.33599972  1.91446123   1.21811645  
-0.09959899  1.60800492   -0.93771081 
1.75197662   1.88128707   0.33066663  
-2.10918443  -2.08806882  0.57908872  
1.81742649   1.85018939   -1.99064323 
-2.12479707  -0.35066874  -0.72353333 
0.35484124   -2.00506883  0.74950341  
# New molecule
1.61919657   1.09547086   0.85405782  
-0.78954100  -2.00635461  -1.18317285 
-0.02853423  -1.64213725  1.04421628  
0.01182510   2.08209866   -1.16741750 
2.14165571   -1.52628924  1.42228341  
2.07579090   2.04578881   -0.82631513 
-0.48283306  -0.04226409  2.09269067  
1.61232991   0.02005072   -0.96109266 
-0.62966341  1.88218415   2.07700360  
# New molecule
-1.79622639  -0.52393347  -1.09199307 
-0.56016767  0.11145632   2.05708532  
0.40025265   -0.11510021  -1.84947006 
-1.84192021  1.47605070   -0.30706472 
0.36662181   1.70983391   -1.70773119 
0.78783821   -2.01942538  -0.52596889 
0.83383238   1.61725475   0.71506872  
1.83041724   0.48688839   2.14465122  
1.86931323   -1.93364499  1.14773392  
# New molecule
-0.83686976  1.40138485   -1.28334636 
0.31778926   -1.59075646  -1.79093021 
-0.92943137  -1.91579373  1.75044865  
0.97048247   1.05417852   -2.05142702 
0.05883040   -0.14627160  1.92904817  
-0.06967609  1.60331031   0.69312552  
-1.33860159  -0.58461809  -1.37359385 
1.88631742   0.16588491   0.51811027  
1.90007732   -0.47206709  -1.10309114 
# New molecule
0.81511253   1.73537512   1.00511654  
-0.93650407  2.10986917   -0.29268917 
0.51750128   -1.99942570  0.43931437  
-2.07836730  -1.94250029  -0.56267938 
-0.23804034  0.96799035   -1.95448730 
-1.13695970  0.91646018   1.59274417  
-2.15128888  0.06736255   -1.10067822 
1.78819418   -0.25405240  1.34505296  
-1.52696775  -1.87465768  1.59048110  
# New molecule
0.04382066   1.59987576   -1.89267762 
-0.75608538  -0.52219640  -2.04498411 
0.62228867   1.39471714   1.49183997  
1.16288338   -1.42868499  -1.68046599 
-0.54608701  -0.89712820  1.46558975  
-2.01033001  -2.04812457  1.51052285  
-0.74766892  -1.79293812  -0.11310417 
-1.65102592  1.61580117   -0.09462512 
1.66888308   -0.75351211  0.42440355  
# New molecule
0.94340721   0.04667140   -1.93840339 
-0.06656867  -2.05345031  -1.01808937 
1.64619308   2.10444571   1.26538916  
-0.46452321  1.62253446   1.72088756  
0.55630489   -2.13801420  0.78860046  
-1.81259213  -2.07061967  0.37637340  
0.39504166   -0.25449257  2.09627112  
0.75269751   1.67064613   -0.68767805 
-1.95051878  -1.37189138  -2.10845756 
# New molecule
0.94121108   -0.88349513  -2.00030394 
1.22726350   -1.80490950  0.51602065  
0.89570836   1.82148649   -1.02020531 
1.73009094   0.65240190   1.15059852  
-0.77660440  1.56487698   -2.02565028 
-1.82631082  -0.23705546  -0.07578423 
-1.20716831  1.86155284   -0.25229991 
-1.54155336  0.79557320   1.64939863  
-0.92196704  -1.21745959  2.11790176  
# New molecule
0.44901450   1.97827799   1.19015373  
-0.25349556  1.77315595   -1.81074257 
1.60282368   0.32267915   -1.25711047 
0.66783754   -1.90201639  0.22832152  
-1.36348549  -1.41947336  1.10513769  
1.71122867   0.08081072   1.10271977  
-2.07961588  0.27627173   0.13196554  
0.34372456   -1.68117660  -1.83168680 
-2.07522946  1.28634030   1.77377340  
# New molecule
0.56984692   1.61528551   -1.46575432 
1.69365073   1.15423556   0.59665250  
-1.97361006  2.05606450   0.80236025  
-1.08216654  -1.77823781  1.43943920  
-1.51597082  1.15669195   -1.65857245 
-0.17283561  2.08355429   1.27208286  
-2.11743887  -0.40535460  0.68584434  
1.84241566   -0.59802810  -1.37118751 
-0.16688865  -0.02821312  -1.99656760 
# New molecule
-1.13618326  1.66371227   0.73855673  
0.32700928   1.94279712   1.98226281  
-0.05621174  2.13268214   -1.51534477 
-1.89204646  -0.96915694  1.97753472  
-1.97019726  -0.82265332  -0.04494116 
0.60843018   -0.55475364  1.91520252  
1.59863775   1.22433367   -0.35296788 
-1.93317520  1.09233307   -1.15317889 
1.04693773   -0.47952856  -1.64228980 
# New molecule
1.87889403   0.39857891   1.40428551  
1.44873146   1.50902466   0.11320773  
1.87079494   1.69855862   -1.61795094 
-0.48206505  -0.51685259  2.10969602  
-1.89039978  0.52195734   -1.28282265 
-1.69234430  -1.80667528  0.46577638  
0.06423898   1.27202530   -1.70481430 
1.69486501   -0.28705012  -0.76343993 
-0.82399077  1.68285133   -0.24489540 
# New molecule
0.78252494   2.05132782   -0.66175567 
0.06086718   -1.92115447  0.52521527  
-0.36039466  0.65447993   -2.05826416 
1.79939483   1.21135986   -1.87507420 
-1.82698116  0.52099323   1.54512911  
1.30551713   0.72091488   1.33855955  
-1.25143547  -2.10187562  -1.14379862 
1.71813162   -1.06454874  0.16916820  
0.57975622   -1.90767239  -1.57836115 
# New molecule
-0.84761062  0.50331170   1.51464894  
1.23900969   0.12434604   1.47245746  
0.06244720   -1.34916975  1.93249273  
-1.23685225  0.16127341   -1.67999409 
1.28352555   -1.69783249  0.77271341  
-0.50676063  -1.64401809  -1.11266102 
0.87151004   -0.33271768  -1.58652886 
2.14142232   -1.70411200  -1.81214337 
-1.50250942  -1.14074573  0.89230374  
# New molecule
0.93909047   0.07587806   1.70054496  
-0.81230044  1.62696076   -0.79935202 
-1.45648968  -0.03481708  -1.89102659 
-1.90153052  -1.57533849  -0.78030497 
1.01958479   -1.60333281  -0.37524475 
0.95253811   2.01540552   0.20325617  
-0.13858065  1.99145270   1.80266785  
2.07336518   0.07604444   -1.22483896 
0.92866534   1.93630499   -1.92487104 
# New molecule
-0.59555637  1.00177707   2.01266466  
1.64007149   -1.13009844  -0.10732250 
-1.86578529  -1.15710876  -0.27839280 
-1.38953024  -1.62567137  1.91832876  
1.11055432   0.06319215   1.79818745  
-1.72860874  0.57065069   -1.79415874 
0.79713855   -1.97756815  1.56244320  
1.03060763   2.02775980   1.87891111  
0.93019145   -0.66164796  -1.71731979 
# New molecule
0.70639491   1.51925313   1.19934580  
-0.40028072  -0.02773175  -2.15309101 
2.03495489   -0.37344592  0.16231261  
-0.56267125  1.83178068   -0.41750661 
0.49321775   -1.99227447  -0.23423986 
-1.55680031  -0.12185050  1.71248659  
-1.45278873  -2.00221592  0.12330762  
0.51590531   -1.79227181  2.15236287  
1.41042840   -0.91207749  -1.56250136 
# New molecule
1.37355626   -1.40680929  1.26875238  
-0.17888675  -1.72958163  -1.89643792 
-0.73772407  1.92457658   -0.79234287 
-1.68073849  -2.14804165  -0.43303241 
1.31755965   2.12731910   -0.22359957 
-1.82609762  -0.53557008  0.73871916  
1.49621520   0.44043958   -1.11871310 
-1.09342532  0.34693950   -1.78189951 
-0.11645422  1.20555677   2.07279022  
# New molecule
1.53754484   -0.05979986  2.04583086  
-0.37906582  -2.04804795  1.46021462  
-1.34201103  2.12648106   0.47215094  
1.24223269   -0.11185713  -1.97173912 
2.14467893   0.50630703   0.12782309  
-1.64329146  -1.08416995  -0.50410142 
0.16911536   1.60358428   1.62164377  
1.38387104   -1.40345095  0.66251249  
0.09235003   -1.70959639  -0.45627508 
# New molecule
1.76316451   0.17575073   -1.07255455 
-1.38943502  0.36166393   1.93465829  
-1.89062877  1.91834889   0.79276059  
1.64067226   -0.83588474  1.64984000  
-0.57236007  -2.12560460  -0.30707913 
-1.96950747  -1.52374653  1.60670935  
1.70357293   -1.93497221  -0.53756802 
-0.16715590  -1.21745406  1.86829559  
1.04132877   1.30604801   2.01933522  
# New molecule
1.56568909   0.57966672   1.03704872  
-0.88011576  0.72914509   -1.94832605 
-1.20959649  0.37405408   1.32022072  
1.60435041   1.16546905   -1.40705655 
-2.09532866  -0.20889367  -0.87796137 
2.08319468   -0.41934821  -0.66450120 
1.83488661   -1.16916821  1.62702614  
-1.50049416  -2.14616004  -0.58577769 
0.24336162   2.13890120   0.53890060  
# New molecule
0.10257961   2.10222079   0.78432887  
-1.22432497  -1.34241283  -2.07376585 
2.04091983   1.66595989   1.51919406  
0.29324782   -2.03627315  -0.77965359 
-0.62626828  0.73651217   -2.12776498 
2.13222674   0.81203391   -0.24317808 
1.82324672   -1.23097204  -1.63590521 
1.37926528   -1.00713786  1.17727653  
-0.04165215  0.27252029   2.03093924  
# New molecule
1.57376276   -1.81536406  0.67583040  
-2.05671965  -1.33032041  2.02520269  
1.46768803   1.65316287   0.17779865  
1.19237692   0.07346038   1.74920814  
-1.61231377  1.27320954   -0.51722166 
0.61388577   -1.76054255  -0.87165975 
-0.40170833  0.17872875   -1.85957222 
1.44019777   1.11360345   -1.84224763 
-1.36142723  -1.06499559  -0.20919412 
# New molecule
1.26488882   -0.52281959  -1.37095742 
-0.25719136  -1.05186155  1.93958940  
1.69878890   1.95543171   0.39944842  
-0.48928329  1.89846938   -0.22497007 
-0.51450611  -1.59940673  -1.27765953 
1.81171234   1.15072599   -1.76843565 
1.25764283   -1.10507173  0.56324560  
-1.91766553  0.74372451   -1.46617182 
-1.67908820  0.72382713   1.18840452  
# New molecule
-1.70370665  2.14787239   -0.56313203 
1.95660751   -1.99721921  -0.63968903 
0.21889565   1.61955480   -1.97098697 
-0.50470912  -1.58355693  -1.93998270 
0.96947978   -1.38792224  0.97282090  
-1.35900702  0.65006668   -1.66068253 
-1.28666174  -1.42386801  0.66302892  
1.24402025   0.50535265   1.39981669  
1.49699436   -0.24154537  -1.99188181 
# New molecule
0.93061636   -0.05263726  1.92501711  
-0.53213688  -1.23297487  1.49457776  
1.70501161   0.41052311   0.35484256  
1.80649438   1.69634111   -1.29657627 
-0.24939200  -0.67370803  -1.69086384 
1.54246979   -1.02122263  -0.81989370 
1.92623305   -2.15083162  0.81863569  
0.87661538   2.02696324   1.32481517  
-1.69510364  1.12867474   -0.63994306 
# New molecule
1.95994590   -1.69274162  0.47746660  
-1.00523425  2.13459729   -0.97410645 
0.93399945   -0.71448521  1.85421884  
0.89918165   2.00226924   -0.75294019 
-0.86889878  -0.80754696  1.79830640  
1.84609674   0.09633185   -1.93825811 
1.97487844   0.15344782   0.44283504  
-2.04837139  1.15904558   1.84466646  
-1.83532059  -0.76337920  0.06879117  
# New molecule
1.50239320   -0.05255388  1.61933594  
0.63760120   -1.20688533  -1.49785083 
-1.67755284  -0.88967227  2.12043185  
-1.79087984  -0.37927945  -0.21271530 
-0.27440804  0.34602795   -1.92203434 
-1.27422851  1.64488522   -0.00041657 
1.00450983   1.62254204   0.81346230  
-0.35331459  -2.06997804  -0.30099808 
1.26324965   1.26332485   -0.93903227 
# New molecule
1.68017888   -0.02246801  -1.43156658 
1.79323914   1.59269909   0.01109163  
-0.15888165  -2.01053031  -0.77259078 
-2.11736365  -1.31718424  -1.05730143 
-1.18358230  2.09574377   1.16232051  
-1.62461990  0.46365638   2.14268249  
-1.94243406  -1.34391633  1.43034667  
-0.77018462  1.72188164   -1.17986076 
-2.09759364  0.02757819   0.26849684  
# New molecule
-0.23117011  -0.21406125  2.12506962  
1.03130228   -1.28777468  -1.69678677 
-0.77381777  2.15346045   -1.00994978 
1.17060644   -2.07931196  1.81481546  
-1.31657187  1.61159250   1.92586101  
-1.08732613  -1.18526707  -1.20994107 
1.83514714   -0.06903004  1.57187806  
1.41160138   1.48729681   -0.12430629 
-0.38039509  -1.81672036  0.43205966  
# New molecule
-1.25019059  1.71495770   0.38016550  
1.69636823   0.47339055   1.79447067  
2.09976739   -0.59371313  0.24941629  
-0.14708842  1.71242060   1.73095329  
2.00096970   0.49645371   -1.73673902 
1.07836062   1.59036069   -0.09168856 
-1.49755665  -1.32952091  0.24271251  
-0.47326063  -0.01248045  1.70742982  
0.98523190   -2.09114813  -0.98671692 
# New molecule
-1.12453839  -1.58792778  0.73775322  
-1.31173596  1.29672443   0.61027599  
-0.55849722  2.08782103   -1.40781516 
1.68564974   -2.10423742  0.30478779  
-1.44027479  -1.82422540  -2.07394243 
0.30781323   0.45066950   1.76828391  
1.50936292   -0.25525202  -1.37016854 
1.27994191   -1.50597128  2.02608561  
0.41298968   -1.67881628  -1.11467578 
# New molecule
-1.00380219  -1.64828787  0.95287090  
-0.86149248  1.85750450   1.86700894  
-0.35099208  1.82732221   -0.67878754 
2.01986528   -1.68242759  1.20451803  
0.23581710   0.08541319   -1.84840817 
1.18014192   -0.02701367  1.50237240  
1.20294636   2.06172807   -1.98620795 
-2.05129516  -1.74620834  -0.82288152 
0.04833398   -1.92200623  -0.79746682 
# New molecule
1.92353452   -0.05619361  -0.21633496 
-0.04691076  -1.40588002  -1.19942780 
0.44311918   -1.45267968  0.78553595  
-1.82695793  0.01233398   0.67271938  
1.15310428   0.22364506   1.90764025  
-0.56822158  1.96409239   0.95281814  
-1.64874507  -0.96603983  -1.80365410 
-1.48371267  1.02800997   -1.01935741 
1.52845116   1.86657836   -0.11139554 
# New molecule
0.75438368   -2.10855371  2.13243790  
1.00403601   0.00341400   2.07101877  
1.57807272   0.82473337   0.50285828  
-1.23364380  -0.55074924  1.43573709  
0.76202682   -0.11409954  -1.73743971 
-1.78256703  -0.38945964  -0.77584951 
-1.31590243  1.41731304   -1.77037468 
2.11979017   -1.32431118  -0.40684365 
-0.93212627  2.04712297   0.22326099  
# New molecule
-1.52655358  -1.05870078  -1.44101097 
-0.48413133  -0.91502391  1.39342559  
0.80169302   -0.97824418  -1.44834310 
-1.75924340  0.30332983   0.55234546  
-1.47329985  -1.89817524  0.16691769  
-0.98035108  0.99681214   2.12316310  
-1.76617158  1.41350531   -1.04353763 
1.70668055   -1.27967356  1.00684905  
0.70033402   0.69276234   1.87442713  
# New molecule
0.11947681   1.12414493   1.40387388  
1.71086635   0.26875856   0.74390672  
-0.20113959  1.89773695   -2.05539763 
-1.29176988  -0.15385071  2.15382365  
1.57488114   -1.32159648  2.05809619  
-1.63629866  -1.90722003  -1.20222696 
0.96906828   -1.79966844  -0.62089076 
1.29803552   -0.16666059  -1.44853588 
0.86078199   1.63453672   -0.47749909 
# New molecule
2.14159068   -1.02178783  -2.03884803 
-1.01663679  1.46698690   0.50652662  
0.08044395   -1.63916609  -0.66781667 
1.86727732   -0.47029542  -0.01345376 
-1.11565138  -2.06729868  -2.05651041 
-0.83045686  -1.59705277  1.28568947  
1.47393711   -2.09222154  1.03719036  
1.26978628   1.23836493   1.59223760  
-2.11753715  -0.35047068  0.58509239  
# New molecule
0.34716963   1.38755966   1.28574379  
-0.88059946  -0.39813706  -1.82844651 
2.02869421   -1.84986489  -1.37039479 
1.65537360   -0.84426339  0.46598664  
1.95924783   1.36632843   0.01728203  
-2.04448134  -1.79306077  -0.60520714 
0.72963437   -0.56787558  1.87379578  
1.24151063   0.05892417   -1.58855475 
-1.53933098  2.03954490   1.50845636  
# New molecule
1.93035315   0.20197970   0.27400025  
0.15733820   1.63239218   -1.65189935 
1.17938790   -0.73898191  -1.05103119 
-1.97287688  0.01203799   -0.23274538 
-0.04597353  1.34118583   2.12893219  
-1.97152394  -1.36193770  1.17943800  
-0.89817457  1.83079061   0.40650168  
0.40567520   -2.07221897  0.43831042  
-0.36014946  -0.57484666  2.08867810  
# New molecule
0.69817477   -2.02496094  -0.34682361 
1.61459682   -0.70408994  -1.43978967 
-1.51683833  -1.26074818  1.11460852  
1.73775983   -0.70053675  0.58522964  
1.76378641   1.20711336   -0.47542418 
-0.50347306  1.15569320   1.45133927  
-1.43975332  -0.83175287  -0.96147610 
-1.71249289  1.48522925   -1.44653010 
-1.81305407  2.08822040   0.38160085  
# New molecule
0.37881196   -0.44847787  -2.03055611 
0.74970851   1.86017459   2.04408732  
1.18057531   1.35862796   0.04081107  
-0.91872580  2.01692762   0.99571181  
-1.18783425  1.07222975   -1.63932165 
1.45923773   -1.27593063  -0.38931101 
-0.44730949  -1.98282813  1.98031046  
-1.48181830  0.06644746   1.48568449  
-0.55311949  -1.65931712  -0.84547064 
# New molecule
1.68782775   -1.69222431  0.41089571  
1.09197452   1.85421046   -0.14634399 
-2.06699485  -0.45456229  -0.44779325 
1.61487999   -0.34635648  -1.02544686 
-1.36385698  -1.56065159  -2.06023227 
-0.84181288  1.81986758   -0.01656863 
-2.11639213  1.34527023   1.32438037  
-1.12332468  1.34693390   -1.98453547 
-2.04418909  -1.08007996  1.64448534  
# New molecule
-0.64778451  -1.47487796  -1.86494644 
1.84669956   1.04053766   0.16679932  
0.54275955   0.62428667   1.74175237  
-0.91357768  -2.05757876  0.74780757  
1.87129405   -1.59737347  0.82584903  
0.35137667   1.85647300   -1.41312261 
0.22932253   -1.30682833  2.12235517  
2.10318966   -0.90812432  -1.82662045 
-0.37669067  1.96246888   0.70129595  
# New molecule
1.49519799   -1.65693795  -0.09020286 
1.48674790   1.16578146   1.49505128  
-1.32632788  -0.37496066  -2.09280630 
-0.18666280  1.40348147   -1.20301273 
1.79874520   -0.04294484  -1.46209434 
-0.74857918  -1.96186148  -0.10371632 
0.37180390   -1.73311202  1.41583688  
-1.58959232  1.81596235   1.82969683  
-0.73392486  -0.17712523  1.67626189  
# New molecule
0.75620208   -1.73378184  -0.98945423 
0.09754788   -1.64291257  1.98117309  
-2.04387703  -1.34408487  0.13592736  
-1.39403367  -0.47421973  -1.46829872 
-1.81188430  0.82714783   0.10733168  
2.10311415   1.58940517   0.56999229  
1.85511567   -0.17759396  0.29910555  
-0.50854184  0.00772679   1.88062591  
-2.05169975  1.39201879   -1.70452675 
# New molecule
-0.90523346  1.95893191   1.99164776  
-1.01969845  0.16766064   -1.94652919 
0.91359154   1.39208149   0.76511215  
-0.80273067  -0.30031144  1.59361667  
-0.81512514  -1.72391178  -1.86093058 
-1.08028120  1.36626560   -0.16178385 
0.72886333   -0.69153030  -1.71292481 
-0.83870097  -1.91582490  0.51354419  
1.95400017   -0.61047469  2.04320252  
# New molecule
-0.34168187  -0.52644071  -1.82870849 
-1.68709787  -1.62055327  -0.47849779 
1.99419806   1.50084425   2.15181475  
0.25512672   -1.97408946  0.75178218  
-0.87331238  1.54411250   0.47624391  
1.88349700   -1.25763125  0.09306441  
1.89971148   0.43577735   -1.02817720 
-1.18148884  0.92576579   -1.32623824 
1.15615426   -0.54992448  2.09010673  
# New molecule
1.72657570   -0.96471519  0.64050822  
-1.20469500  0.41410884   -1.72823672 
-1.80028235  0.27262744   1.79451925  
-0.26068672  -1.17213640  1.58855850  
1.82309022   0.77472236   -0.43010804 
-0.22231411  2.00159534   -0.46019308 
0.90971036   0.74063013   1.38683116  
0.40474364   1.36399208   -2.05328647 
-1.92282716  1.73683455   -0.52478862 
# New molecule
-0.14557355  1.77177899   -1.74618028 
0.97882053   -1.55498301  -2.06155820 
1.70108694   0.25360793   -1.55501583 
1.96530204   -1.84456655  -0.61934670 
-0.31711140  1.27077075   1.41532401  
-2.05023368  0.20886854   0.71627259  
-0.44387855  -1.74695086  -0.82875772 
-1.31566787  -1.74305622  0.85239269  
0.45224027   -1.71621584  0.81959717  
# New molecule
1.07570873   -0.30724091  1.99407297  
0.14322837   1.50414701   1.76265073  
-0.84207374  0.67686030   -1.51268100 
1.43350677   -0.72731800  -1.50169341 
0.53120584   -1.73992194  0.80503660  
-0.42732944  1.91088072   -0.02293948 
-1.13120652  -1.25675054  1.12921650  
1.77128361   0.93480156   0.49285556  
2.08988865   -1.89176420  1.97784147  
# New molecule
-0.26588797  1.65706243   0.45773509  
-1.27114725  -1.70897411  -1.21381476 
1.61522781   0.46791860   1.92389580  
0.35687256   -1.68584949  -0.38562803 
1.97849726   0.69253991   0.13055651  
-1.60206295  0.27516957   1.29690921  
-1.45707715  2.14235480   2.09488111  
-0.21440477  -0.99112170  1.61109249  
-2.02585625  0.00090787   -0.70572320 
# New molecule
1.93429606   -0.60410957  -0.40156967 
-1.74464790  1.80469502   0.49362425  
1.72342722   1.01881632   0.93700355  
-1.51229761  -0.70829150  -1.04924305 
-0.28684629  -2.03302683  2.14225257  
1.12234382   -0.60850349  1.96662085  
-2.09424220  0.88261506   -1.57348895 
-0.19081575  1.82493710   -0.45651303 
1.00728207   -1.96486535  0.46257659  
# New molecule
-1.79174313  1.25107579   1.50625056  
1.66067206   -1.66004373  0.44628245  
0.65769383   1.73586013   -0.91923914 
-1.18622174  -1.89592155  -0.28971299 
-2.09634143  -0.75975415  -1.49886383 
-1.93000730  -0.67385669  1.21686696  
0.08139772   1.46453544   1.23638846  
0.22141791   -1.36664449  -1.57022103 
0.77115754   -0.03645196  1.95188246  
# New molecule
-1.86226717  -1.43337571  -0.19347911 
-1.59434378  0.23898152   -1.39394038 
1.15622022   -0.74084382  1.32573053  
-0.29745497  2.04818631   -1.24871975 
-2.10748434  1.88227825   -0.14931374 
0.11472629   -2.08051052  0.32354496  
1.84530236   0.91108400   2.09400513  
-1.22337174  -1.49736723  1.92475080  
1.87527066   0.27080063   -1.49933922 
# New molecule
-1.56075579  -0.46870439  1.73846719  
0.63145035   -0.07744332  1.92683707  
-1.70216649  2.02420680   -1.83070019 
-0.70657352  -0.23628575  -1.71233950 
0.25995130   -1.77192819  -0.44287236 
-1.91367498  0.59166535   -0.64425020 
1.94889549   -1.21160960  -0.57844751 
0.38899208   1.51350775   -1.49697200 
-0.17364729  1.68538998   1.73521286  
# New molecule
0.85790933   0.58204609   1.70879923  
-0.62119355  1.76543437   0.21488157  
-1.87974061  -0.33681606  1.18413463  
-1.96494249  -0.97303298  -0.72406501 
-1.64960661  0.44899129   -2.04656535 
1.84033905   -1.03420097  -1.19906445 
1.43963493   0.88594675   -1.89669940 
0.76778337   -2.11263148  1.80176627  
0.05239567   -0.44052854  -2.05103631 
# New molecule
1.58060593   0.95563401   -0.33080771 
-1.66539831  0.54110784   0.90440768  
0.59877403   -1.20306470  1.41002637  
-2.07534377  -1.75034631  1.13800601  
1.93247742   -2.13879517  -0.85305152 
2.10735290   -0.55637648  0.59120678  
1.08541907   1.00553707   1.56630485  
-0.30523640  2.14532144   0.53714251  
-1.51896084  0.73723554   -1.08499096 
# New molecule
-0.86843301  1.73272128   0.40456469  
-1.78274104  -0.69899213  0.52621097  
-1.96955480  -0.96035095  -1.60010541 
0.09050481   0.00087888   -1.98904475 
1.16303641   -1.12459014  1.03071559  
1.34634922   1.31976499   -1.31092178 
-0.66895833  -1.79099240  -0.88882412 
-0.59867086  -0.08386039  1.82602117  
-1.79972492  0.84953602   -0.89984631 
# New molecule
0.25575158   1.79818921   0.72489880  
1.60809866   0.52495802   1.75771904  
0.39099786   -0.70854981  1.95868268  
-1.64307151  1.81678825   -0.00757356 
1.31767777   -1.77773383  0.20683860  
1.89425332   1.11028840   -0.18185407 
-0.49321986  -1.84341244  -2.09401141 
-1.76569480  1.61141053   1.85072431  
0.60815807   0.42661745   -1.91034920 
# New molecule
-1.68310303  0.87360970   -1.58502399 
1.60178624   0.87900212   -0.16985620 
0.85547960   1.71185586   1.95037406  
-1.00198913  -0.92476965  -1.25478487 
-1.53796482  -0.09152183  1.18075282  
-1.24869887  1.77290037   2.12813077  
0.32433892   -2.04773962  -0.35169108 
1.96838902   -1.16550112  0.30078281  
0.50496859   -0.82127440  1.64834808  
# New molecule
-1.10025828  -0.31375723  -1.76877184 
1.38627619   0.45330058   1.17529317  
0.93993240   -1.46335079  -2.00466558 
-0.75338065  -2.09203734  0.22968927  
-0.73373073  1.46636099   -0.97040891 
-1.82728384  0.57201565   0.27707274  
-0.83266187  1.25209957   1.51294388  
1.14737119   -1.36045510  0.81110752  
1.05782135   0.26321884   -1.59806497 
# New molecule
1.95901018   -1.48976309  1.97226221  
1.93916818   -0.16390980  0.63056237  
0.49935714   -1.80825457  -0.45828160 
0.42803593   -0.22555465  2.01824953  
1.17433648   1.60435608   0.26024575  
-1.79563588  0.11716791   -1.24273055 
-1.68666072  -1.16927142  0.69773565  
-1.76559316  1.22462990   0.77253496  
1.62755831   1.01496200   -2.09082731 
# New molecule
-1.64657494  -0.45207668  1.86507047  
1.29802269   -1.44111834  0.71304522  
1.27959421   1.76510236   -1.43213026 
-1.84442061  -0.68648810  -2.06520544 
-1.69488372  0.65827986   0.41803135  
-0.59693839  -2.01006287  -1.33275792 
0.91771550   -0.55096462  -1.82811920 
-1.92544042  -1.15582117  -0.16165769 
1.78633035   1.00149211   0.32856524  
# New molecule
-0.13382203  2.00385157   -0.60100551 
1.95750774   -0.05210266  -2.03056958 
-0.33778159  1.57434125   1.25782039  
1.64493800   1.65398036   0.25945348  
1.35531313   0.83944114   2.10657732  
-0.37394777  -1.34049200  -1.63691194 
-1.92341062  0.58530088   0.83994560  
1.78351021   -1.71874533  -0.67631602 
0.08986104   -2.00627750  1.40888706  
# New molecule
-0.91094971  -2.10920278  1.71873975  
1.20763794   0.63355633   1.21928840  
-1.57155689  -2.00587383  -0.21925675 
-1.95855622  1.63358424   0.32423603  
1.81926479   -0.57086796  -2.07005258 
-1.41646835  0.47629166   -1.26183098 
-1.42395233  -0.29727522  1.64457803  
0.21054145   1.99733790   -0.21044454 
2.14002155   1.56868809   -0.27653167 
# New molecule
-1.54668949  0.13128169   -1.58444316 
-0.64326704  -1.84703252  -1.59906571 
-0.13212331  -1.91530383  0.64040649  
1.30697866   0.02514187   2.08057342  
0.85934890   2.03331386   1.54050990  
1.71383229   -0.68936765  0.28576849  
-1.08314630  1.79933563   -0.00542804 
1.17166795   -0.46168993  -2.03156623 
-1.55153070  -0.10936708  1.42009558  
# New molecule
-0.53890347  -1.52623461  1.02119156  
1.18991819   1.86965574   1.50345905  
-1.70538150  -0.09925809  1.80842491  
1.90943306   -1.05494669  -0.60557191 
0.31320978   -0.15475560  2.02696084  
-0.01047685  0.50544854   -1.83121197 
1.95110603   1.70278364   -0.14170380 
0.07231548   1.72884663   -0.66943545 
-0.66001915  1.77706226   1.36063945  
# New molecule
0.11116674   2.07347589   -1.21741704 
1.95481702   -0.47435113  0.13566365  
0.87918403   2.03674353   1.12212182  
1.46530776   0.48218824   1.86464268  
-1.21897230  0.68466088   -1.42571846 
-0.67678887  0.53396396   2.07413204  
0.74733026   0.55146217   -1.77723346 
1.49669507   -1.29105724  -2.12605982 
-0.00350045  -1.70508098  -1.28343161 
