# Array shape: (20, 9, 3)
# New molecule
0.17043035   2.80837038   -0.71485269 
-0.32983494  3.10363052   2.23378298  
-0.55636582  -2.74137417  -2.94714035 
0.67894041   -1.91869461  -0.85966500 
1.95335038   2.76473158   -2.54879702 
0.48735989   -1.41286537  3.22419273  
2.11482334   -1.39361166  0.09770795  
1.70865623   3.21880157   1.86604318  
1.97495556   2.84058422   -0.13654024 
# New molecule
5.41665474   4.06984644   3.26283164  
5.37941769   4.86101609   6.14203804  
5.01954922   0.43123772   1.39638716  
0.24972229   3.62189287   5.24069614  
0.13019642   6.14018218   4.67118215  
0.68390856   2.50253024   2.22467233  
1.96632253   4.75567240   0.26152734  
3.66754462   4.04651451   4.86661125  
0.16146518   0.86937690   3.20607000  
# New molecule
0.65961022   3.36072601   5.94236465  
5.78306122   0.50387782   0.31295299  
0.70360328   0.81677026   5.98436068  
2.47352780   4.23742982   4.24791877  
3.60246667   4.19746129   2.34105753  
1.17921398   0.44836110   1.80939166  
4.10299994   5.09433481   0.54391100  
0.62582370   2.32022595   1.37532466  
3.57859132   1.54686746   4.64805653  
# New molecule
0.91406269   3.22935075   4.11185194  
3.59299401   2.57391796   3.68436698  
5.80195579   3.67637941   1.03220343  
2.05153158   6.30412972   4.66619726  
0.56963470   2.47112992   2.39001238  
0.17736092   0.61449001   3.32677542  
3.64826349   3.34698885   0.03653926  
2.31634692   0.03376317   2.52342419  
4.92674783   5.08193868   2.80501677  
# New molecule
0.23141611   3.42801514   5.58929915  
2.79132635   0.38955571   5.43992629  
5.79585317   4.15371792   1.75605848  
6.41252352   0.77383011   0.40619095  
0.75487280   1.44323530   0.79696649  
0.28094147   0.86335532   5.66874134  
3.55583618   5.61134546   0.14604261  
3.50976840   0.54144927   1.93842577  
3.70667785   2.63768410   1.13082120  
# New molecule
0.47586252   4.44813044   0.22540818  
2.04635474   2.15567541   4.52129543  
3.61991424   1.63892305   6.28802926  
2.49802041   5.50338453   3.17408275  
0.79769679   5.17486516   3.44792863  
5.26633420   5.07477795   3.16397000  
1.09931712   1.87733833   0.49381127  
5.56685507   6.01093969   1.11389372  
5.73903919   2.34192588   2.54712136  
# New molecule
3.95682900   0.94313214   4.35394852  
5.80953698   6.29485974   4.46957562  
2.76359444   5.75442706   4.91001735  
1.64583045   2.41755258   3.73505316  
5.61228014   1.42830497   5.86551875  
0.49109212   0.35105559   4.61901916  
6.07743958   0.39924897   3.86089792  
2.16608966   0.66520009   5.85662118  
0.19369416   5.01948941   4.43014324  
# New molecule
3.93692134   5.19929342   5.14280376  
6.40652473   1.15464302   3.91999021  
1.95179368   1.47619246   0.89770301  
4.60287930   2.14481358   2.34470462  
1.24868758   0.32114963   2.97616463  
2.71981170   5.50680462   0.88133396  
3.72388526   0.79865802   3.06191145  
1.12791058   2.50113588   3.99469386  
5.74017315   4.81805721   5.93562959  
# New molecule
1.04735436   2.08995247   0.55641365  
0.53404309   3.46954591   5.67096728  
3.11267213   4.11894145   6.44814624  
0.51619767   5.61006284   2.18756416  
3.57665248   0.84351106   2.21620607  
4.21485272   3.59871286   2.98338337  
4.49809638   2.13474305   1.09914009  
0.07210346   5.26079401   4.66458399  
0.44116537   5.37426445   0.14460962  
# New molecule
1.38353024   6.36048343   1.69928552  
4.43478400   6.34448395   5.91292474  
0.08073676   5.12643163   4.58724733  
5.14824452   3.71542911   1.86425626  
0.75516318   1.07220573   4.87405322  
1.71198402   6.21294785   4.12620528  
4.89863683   5.70196935   2.48854780  
5.02333217   4.52417612   4.52679121  
3.84263254   3.09545039   4.60659584  
# New molecule
2.38847936   6.31733150   2.04135851  
4.77751121   3.59323755   0.57607768  
5.43165736   0.19047217   1.29345847  
0.32902739   0.93140644   5.01946827  
1.68725590   1.79824006   0.12620368  
1.59445053   0.19440035   3.71371360  
1.59863980   4.41670364   5.71413444  
3.27314913   0.80685170   1.15718940  
0.47933215   5.75062091   1.94404903  
# New molecule
4.70987126   4.89077158   0.23150317  
3.74213458   4.51307338   1.72644284  
6.06597060   6.30889168   0.77002462  
2.29690729   4.45942081   0.22573141  
1.48033477   5.27474565   4.45518934  
3.34543475   3.65715366   3.16931560  
4.93906862   4.63899848   4.45594535  
0.23963036   1.36103231   4.37216291  
0.65670115   3.26137918   0.42435179  
# New molecule
-1.25064142  -2.53407922  1.26400308  
-3.17032330  2.64864150   2.66455086  
-0.37116915  1.73548610   -2.23476149 
3.02837659   0.70563052   -1.11546867 
-0.52633757  -2.00228770  -1.72243607 
-3.07749210  -2.85381698  2.46304611  
2.86572541   -0.32501974  0.40513938  
2.15911187   1.65404180   1.01542844  
-0.56885983  2.02285217   1.72701342  
# New molecule
1.23569425   5.72276029   5.96598777  
6.17997822   1.69458848   1.21401604  
3.88379748   3.85466724   5.05438662  
1.24369245   4.96685974   3.31718321  
3.86297081   0.33422095   1.26003291  
0.72091942   1.36933952   1.14788394  
1.57753061   0.08511566   4.90053292  
3.92428523   6.26062462   1.29168932  
5.53916767   4.73770028   4.76298121  
# New molecule
0.20888960   4.23214757   2.09650307  
5.03840641   1.03410422   5.04014358  
5.79505843   2.26968351   0.38254941  
4.29510013   6.11059011   4.13392971  
6.41406189   2.38884008   5.22182823  
2.25521025   0.58620209   1.80096973  
4.52808154   2.70192949   3.95579392  
1.98211679   2.59762552   1.57812980  
4.12726656   3.90978785   2.87455735  
# New molecule
2.11336526   1.08919060   0.50942087  
4.85099427   1.93778569   4.58315500  
5.00605746   1.04147774   2.40632638  
6.26467824   5.58316031   4.53265335  
5.73928755   5.96019273   2.38058724  
1.45729146   4.16019361   3.24924317  
1.97446163   0.44342037   4.55922903  
6.03001503   2.36528763   5.86440829  
0.95733284   2.00750736   4.02386690  
# New molecule
3.67573045   6.25687826   3.65169654  
0.45452345   5.95151357   0.95416666  
5.76088770   0.92541188   2.33872997  
2.81796537   5.30795504   5.46117734  
5.57189556   3.33455054   1.39692936  
2.04152081   3.06156096   3.30075523  
3.93470237   3.63741776   5.39865503  
5.91398280   3.91276911   5.60572548  
6.43347755   5.87179763   2.82195292  
# New molecule
2.26150576   1.53663996   6.17576359  
5.22260042   6.07761155   5.59451142  
4.91150984   4.49570933   3.40223263  
1.75653985   4.91332379   6.21207519  
1.05123261   5.50495560   4.45126175  
5.50840409   2.85286410   6.04886171  
2.44384398   1.25232986   3.83721876  
2.84510805   4.41928279   4.52212724  
3.24622537   3.35608248   1.59358742  
# New molecule
2.56565451   0.69146045   4.70706482  
5.43774145   5.17277919   1.92863752  
3.60006342   2.86117995   2.19331267  
5.61085386   3.99559133   5.97243561  
4.04212425   1.32741420   1.58772330  
4.99074079   2.54870054   4.40188560  
4.04907146   3.92679010   5.17122404  
2.01434301   3.82349084   4.17594537  
4.60670780   6.42623551   4.46295516  
# New molecule
1.54114448   4.04271386   1.53182814  
0.59121166   5.91437074   4.94295722  
5.86880091   2.36072135   5.71324661  
6.16265859   5.74083818   4.38272472  
3.60875742   1.64417147   5.31944855  
1.61119017   5.71259173   2.69334589  
5.37081370   4.01364020   0.70285073  
4.30044033   3.65443411   3.87347675  
0.99276422   2.34173166   3.23527241  
