# Array shape: (40, 9, 3)
# New molecule
1.54413155   0.75713009   -0.05979586 
-0.59766444  -1.72293905  0.09413775  
-1.45514394  1.81057256   -2.13720297 
-1.11586463  -1.80649840  -1.77968202 
-1.88944303  0.11408071   -1.37900626 
0.78388360   -1.94602330  -1.15897413 
-1.74630737  0.28119441   0.57153721  
0.56965397   0.97973075   1.44665150  
0.02653761   1.69978176   -0.36552539 
# New molecule
1.36839983   0.72907680   -1.98097489 
-1.34292013  -0.59384750  1.70708038  
1.98154531   1.33848071   1.16799657  
1.48435663   -0.87034225  -0.73676785 
-1.67858736  -0.83022850  -0.33541297 
-0.39584015  1.56193432   -0.57981816 
-0.56898330  1.47678801   1.33287210  
1.73555998   -1.93691063  1.88621656  
-0.37241891  -0.24689883  -1.97812573 
# New molecule
0.03978542   2.09685027   -1.94822871 
-0.17462939  -1.76727521  1.99288565  
1.98224887   -1.02790724  -0.58758942 
-1.88936141  -1.82541913  0.56607724  
-0.70458122  -1.46048687  -1.32070074 
-1.68517161  0.09595277   1.11086776  
-1.87915561  0.49612966   -1.23805706 
0.37894688   1.28676964   1.82592275  
1.18243734   1.45618704   -0.34709982 
# New molecule
2.03166271   1.95705445   0.99521504  
-1.69365781  1.03914009   -1.52258261 
1.78245064   -1.97936497  1.81414885  
0.32905798   -0.13096776  -1.79431539 
0.86443252   1.85063591   -0.74088740 
0.02392322   2.03614589   1.34668048  
1.83562905   -1.84655088  -1.79953699 
2.13609973   0.10545066   0.86072690  
-1.30244031  -0.91673087  -0.77458540 
# New molecule
-1.96123107  1.76271780   2.01494172  
-1.74758883  -1.18038075  0.09639256  
-0.33608194  2.01504144   -1.62325724 
0.84469720   1.61737411   1.02396964  
1.33084957   -0.30977599  1.55756349  
-0.65403881  -1.94378994  1.72011479  
-1.28460755  0.57916480   -1.60048940 
-1.70395055  0.73012684   0.51939338  
-0.13670875  -2.00306799  -0.73318261 
# New molecule
-1.95988670  0.48632668   1.20703914  
0.16924670   1.62850493   -1.02318382 
-0.85157709  2.02480126   0.35022011  
-1.68995962  -0.10346291  -0.75556097 
1.46782689   -0.86962071  -0.52229243 
-1.44908621  2.11257983   -1.96626700 
1.58506277   1.55162605   1.40317737  
-1.36637958  -1.32333807  1.94742927  
0.15338906   0.24819990   1.95508784  
# New molecule
-1.73917065  -2.12784942  -1.33108823 
1.66961692   -1.90265971  1.94707577  
1.75514570   -1.09208523  0.26820901  
1.36611385   -2.03132977  -2.13517967 
1.60310043   0.20824748   -1.58827241 
0.35598592   -0.33846425  1.91092061  
-1.98954581  0.54936251   1.87932285  
-1.74160314  1.27862156   -0.07336770 
0.08769198   -1.91325136  0.39484034  
# New molecule
-0.20072762  -1.73163703  -1.88284984 
-1.40907938  -1.32798993  1.36024961  
-1.55451148  0.97770993   -0.48247976 
0.38648048   -1.63087685  0.91700604  
-1.16489571  1.94348658   -1.97962901 
-1.58158257  -2.00524449  -0.52177911 
-0.31554062  0.10687625   -1.85896621 
0.05717885   1.60800672   -0.53243624 
-0.71224024  0.63784058   1.63889331  
# New molecule
-1.69002018  1.97233300   1.16180000  
1.89340385   -0.40787330  -0.67075603 
-0.39110461  0.40092282   -1.89856627 
2.07980552   -1.78881647  0.79177859  
0.16657302   -1.94800525  -0.51850706 
-1.70025488  -0.84540895  1.81707048  
1.76341151   0.11049777   1.32923231  
-2.14078053  -0.61301445  0.07536501  
-1.38463113  -2.08617566  -1.61311301 
# New molecule
-1.68718026  0.86189847   0.49337239  
0.53304170   -1.50722450  1.32342942  
1.54274171   1.00017394   -1.41052194 
1.96013398   -1.74142181  -0.04877360 
-0.46105563  0.17185934   2.08525950  
0.40179689   -1.97995079  -1.34886227 
-1.86290038  -0.49612457  -0.71535211 
-2.01103420  -2.06070446  1.93511209  
1.28643080   0.22163116   1.82246296  
# New molecule
1.39867624   2.11344142   1.04829457  
1.95367056   -0.42400367  0.30666851  
-1.82419791  1.22533682   -0.11072470 
0.60426626   -1.81793752  -1.85405141 
-2.10691411  -1.76632348  1.50447962  
-0.77991150  0.70162141   -1.71312035 
1.64489351   1.41746097   -0.75733331 
-1.07847828  0.53413898   1.71645542  
-1.97597728  2.14184876   1.77520993  
# New molecule
-0.45665132  -1.32090744  -1.22651379 
-0.60078087  2.06353934   -1.97369388 
-1.64293368  -1.87974374  0.21032955  
-0.64108394  -1.03771732  1.78313415  
0.58493892   1.90826034   1.31297975  
-1.60131124  0.61167787   2.12062262  
0.91525894   0.16705732   1.73408430  
1.01486748   -1.67103206  -0.07438441 
-1.57231844  1.65711846   0.28836990  
# New molecule
1.60802749   -0.45922385  -2.15031459 
0.15230246   -1.11358112  1.76563285  
-1.85669025  -0.19052136  -0.09481322 
-1.51155645  -2.08804706  0.13540431  
-0.54364206  -0.46078958  -1.71730553 
-0.30599450  1.26374120   -1.29279897 
-1.07295531  0.22692031   2.05946901  
1.42822747   0.59750920   1.21815921  
1.54076322   -2.00150292  1.02391638  
# New molecule
-1.32022769  -1.68139316  -1.93636555 
0.13936815   -2.08110972  -0.70443102 
-2.01680298  -1.29433118  -0.21894682 
1.03251325   1.78189531   1.73281143  
-0.21408628  -2.15145723  1.08319417  
-1.64364826  1.67752343   1.22517677  
1.96421487   -1.96540126  -1.67728010 
0.30385040   -0.79581282  -2.09362661 
1.69112001   -0.56780140  -0.30154564 
# New molecule
-0.60732667  -1.65549090  -0.24565827 
-0.26286387  1.29349857   -2.04928334 
-1.03364692  -0.20939752  -1.35282643 
1.70910001   1.82393632   0.66018777  
0.87184267   -0.87180591  -1.76419960 
-1.13371818  1.05770242   1.22946347  
-1.77096300  1.99129147   -0.58783345 
1.14921199   -1.51098383  0.00609915  
1.78495573   0.20341647   -0.18524346 
# New molecule
0.35168210   -0.87948683  -1.87094839 
1.85197562   1.79155545   1.56907580  
1.95351212   -0.82021008  0.69651502  
-1.95899612  -0.93392959  -0.50993030 
0.66577705   1.82311366   0.20389844  
0.59912304   -2.14595067  0.17157404  
1.28005991   1.10932134   -1.75967846 
-0.20010771  0.33322932   1.69095604  
-0.20600614  -1.48014856  2.11861170  
# New molecule
-1.19115245  1.42402523   -1.27121494 
1.73793162   -0.84272443  -1.00721104 
0.53387113   0.70968676   -1.61030180 
0.79822186   0.97101575   1.81452267  
-1.48252504  -0.34766779  -1.32549434 
1.99896815   1.59622365   -0.08636330 
0.44427687   -2.03653032  -1.51505073 
-1.29079935  -1.71057322  1.44028922  
-2.09823429  0.59424115   1.08141258  
# New molecule
-0.45815569  -1.79488359  -2.09610841 
-1.98825054  0.26567874   2.09610106  
1.56324919   -0.83719798  -2.03509264 
1.30811341   1.20793500   0.34416218  
-1.55084107  1.93223591   -1.70530196 
-1.39907206  -1.34417280  0.69221046  
-1.91350824  0.49157980   0.22699089  
0.38328335   -0.75845038  1.83860255  
0.81900791   1.70006904   -1.49373578 
# New molecule
1.78084587   -0.35194209  1.06693461  
0.29358505   0.14525349   1.80659273  
-1.60841998  0.14303751   1.33790529  
1.91242270   -2.09996610  0.57858219  
1.04698463   1.60332712   0.73505905  
-0.76238540  2.04079537   1.87558527  
-1.75330443  1.04910549   -2.04140572 
-0.94312453  -1.83583138  1.08336221  
1.15697384   -0.03192039  -1.41527372 
# New molecule
-2.02635794  1.11709862   -1.92273899 
1.53565390   -1.61331749  1.56279659  
0.82402377   0.19050864   -1.69670392 
1.66640816   -1.09911685  -0.40876126 
-1.85497642  -0.95967575  1.59988233  
-1.38836202  -0.98075997  -1.05989435 
1.24200509   -1.52560147  -2.05493081 
0.18581356   -2.08856312  -0.56787400 
-1.16637193  1.64848690   0.84594711  
# New molecule
-2.05339471  -2.08168544  1.79616676  
0.30721536   1.35693571   -1.15843961 
1.10295032   -1.82497905  0.04316462  
-2.11982833  -1.21329610  -0.73708995 
0.31367962   -0.74555915  1.87876122  
0.15558037   1.17272315   1.40407278  
-0.53655794  -0.14012300  -1.96661639 
-0.23270760  -2.00026786  -2.05689992 
1.90710952   -2.15276730  -1.82285171 
# New molecule
-0.94513393  -1.92348721  0.06196806  
1.82201234   -1.93423906  0.36298401  
-1.85450322  -0.36049975  0.93720286  
-1.50865831  1.26864918   -0.66688169 
1.91490853   0.04485082   0.32293287  
0.69397064   0.62480237   2.12489033  
-2.12141622  -2.07370114  1.58026885  
-1.05379819  2.07711203   0.83795390  
0.96882865   -0.57963047  -1.53119661 
# New molecule
-1.75211382  1.97734191   -0.02074287 
0.82221485   -2.09085902  0.49692394  
-2.06969160  -0.25334770  -0.52106437 
1.71202118   -0.29457009  -1.28651743 
-1.71212422  0.05506366   1.77397675  
1.16597043   1.69253593   -1.23188252 
0.29249540   -1.45229784  -2.09977859 
-1.39709936  0.75589102   -1.80650456 
-1.72684442  -1.93392506  1.62407646  
# New molecule
1.45912686   0.58400703   -1.40847439 
-1.62492949  0.54952250   1.23482938  
0.58633390   -1.73713636  0.08433586  
2.13009346   -0.38846140  0.00352943  
-0.37051673  1.90587099   0.29726440  
-1.85954938  -1.91270727  -0.35857094 
-0.24965979  -1.65028441  1.78740571  
-0.39188841  1.26827764   -1.98144030 
-0.65017475  -0.98505784  -1.41500288 
# New molecule
-1.63632385  0.14957733   1.12905335  
1.56510561   0.37722950   1.84623523  
-0.13651940  2.13389699   -0.37237277 
2.02044254   1.37814068   -0.18160717 
-1.71928283  -2.02221032  0.98440122  
-0.70019618  -0.74510040  -1.64200989 
-0.21970880  -1.83364415  -0.12434363 
0.35512932   -1.45010299  1.72861562  
2.06093190   -1.43924847  -0.49126829 
# New molecule
-0.07040171  -1.89214950  -0.41604731 
-1.77089082  -0.56928514  -1.01549699 
1.09253698   0.50963959   2.09764410  
-0.22564273  1.75575851   0.76057639  
1.41295332   -1.95521420  1.27254088  
2.09065164   0.84849818   -1.76067843 
1.91737619   1.78969562   0.55484211  
0.73414350   -0.49563455  -2.02471462 
0.51523342   2.07499631   -1.74069206 
# New molecule
1.35389205   1.19867501   -1.25035641 
-0.04919454  2.14546717   -0.11167283 
-0.85407973  0.30361489   -1.82514311 
0.35933837   -1.80583431  -1.73024823 
-2.02832808  1.68553955   1.88978319  
-0.65643479  -1.85280772  0.04340484  
-0.29637921  -1.08113231  1.67325997  
1.28532591   1.80644685   1.75659000  
1.89052653   -0.48201095  0.78432432  
# New molecule
1.84512459   -0.05835683  0.92659961  
-1.97604494  0.45882968   -0.04129197 
0.32098550   1.97922089   -0.00750266 
-1.41738256  -1.35974702  0.23294946  
-1.26088680  1.25272222   1.50694415  
-0.86419103  -1.13334545  2.09424532  
-1.45292233  -0.81413035  -1.67328406 
1.84952051   -2.09057174  -1.71186986 
2.04645430   1.88631521   1.81334139  
# New molecule
1.92578429   0.15997703   0.18462578  
-0.58012895  -1.27199328  1.52832731  
1.54558257   -1.47997564  0.71721497  
0.00388644   1.16131809   -1.97136807 
2.01731500   -0.37325828  2.07753714  
-0.45133863  2.10921211   -0.11494579 
-1.85739976  -1.03335742  -1.01707092 
0.02299828   0.41623314   2.04962098  
1.55756437   -1.89002201  -1.94439640 
# New molecule
-1.55514125  1.60144015   -0.10395969 
1.69270214   -0.95676787  0.06633623  
0.22915782   -0.48692782  -2.12494606 
-1.62443446  0.92256125   -2.13949609 
0.45768386   1.48765017   -1.48402667 
-0.76582277  -1.66481819  1.01196552  
-0.21237838  -1.95247654  -0.66907976 
-0.62333831  -0.27239835  2.11560652  
1.89480045   -0.65883718  -1.75616437 
# New molecule
-0.08017811  1.20835855   1.95210031  
-0.19169463  -0.75164180  1.61149043  
1.51641050   -2.08884401  0.40362612  
1.20820169   -1.25497362  -1.25156288 
-1.46568614  1.15530235   -1.68904999 
1.97130086   -0.54058887  1.29766163  
-1.67608969  1.07302406   0.49509630  
-2.08837335  0.01875641   1.92862055  
1.35414407   0.60273505   -1.83076170 
# New molecule
-2.13596590  0.99321953   1.25791756  
-0.56486948  -2.04781384  -0.90684391 
-0.55156653  1.93603734   0.89884868  
1.95572171   -1.30654196  0.14571086  
-0.57379997  0.48052051   -1.76339764 
1.62772434   2.04165746   1.43682323  
1.81695552   0.72460859   -0.89876162 
0.15558060   -1.97433250  0.63600892  
0.49295796   0.34599860   1.89409201  
# New molecule
-1.79194377  -0.17865128  1.84954071  
-1.41792639  -1.85612815  1.17431152  
-1.89436114  2.01036088   -0.62909524 
0.08955741   1.82578143   -0.93502659 
-0.61954545  0.34224024   -1.85945167 
0.40988521   1.49493505   1.27176954  
0.14163502   -0.99848418  1.51735320  
-0.18121316  -1.62343078  -1.84173331 
1.20172613   -0.04581433  -1.56032160 
# New molecule
1.66762120   -0.08588565  -1.97286261 
-1.84466457  -1.18158293  -0.39384571 
-0.44250914  0.73942704   -1.99368514 
-1.71587435  0.98477596   -0.22895538 
-1.89674802  -1.10931955  1.78251187  
-1.99080251  1.96032936   -2.00508992 
1.20343073   -1.48193693  -0.06633754 
1.26649600   0.93070157   0.85739244  
-0.72760646  -2.03055985  -1.80692975 
# New molecule
-0.50615579  -1.81061177  -0.38675232 
1.88304927   -0.04860211  0.31977894  
-0.27881563  -1.29665730  1.31160078  
-0.59864304  2.07328306   0.02742124  
-2.10217704  0.32408754   0.51628032  
1.83944287   -0.52527537  -1.54263264 
-1.65024777  2.03795647   1.72949047  
1.86565876   1.58870982   -0.51318391 
-0.19259301  2.09829559   -1.96033802 
# New molecule
1.78968207   -1.82659498  -0.85802096 
1.75038247   -0.07955478  0.55646848  
-2.10332105  -1.68891238  1.67376720  
-1.94365760  1.78932896   -2.04100849 
-0.76435553  -1.87693945  -1.17919861 
-0.29413080  2.02142793   -0.58059313 
0.22586447   -1.84415118  1.11824588  
-0.08763206  -0.02844607  1.98874016  
0.57811510   0.66107351   -1.91160522 
# New molecule
-1.82060128  -1.56875031  -0.07155809 
-0.99518595  0.27225288   -1.66147630 
1.03325786   -1.65573534  1.65719991  
1.63717443   1.45725713   0.46709303  
1.80800681   0.62845359   -1.42052448 
1.82568326   -0.67837640  -0.11439144 
1.09555045   -0.94393281  -2.11002716 
-0.34905145  -1.71762812  -1.55177851 
-1.31446077  -1.17673662  2.05163213  
# New molecule
-2.11783570  -0.04571905  0.72165400  
1.07734113   -1.60407404  -1.95759592 
0.76647537   1.71825838   1.75190640  
-0.89498506  1.85607815   0.32341503  
-0.97222660  -0.52984133  -1.46362677 
1.54162099   -1.49545856  0.77239978  
-1.58878959  -2.14717521  0.03886706  
-0.76581144  -1.86984133  1.74547908  
-1.54729687  1.54583191   2.15117608  
# New molecule
-0.73128372  0.57336819   1.89895314  
-1.78248879  -1.33611999  0.22803648  
1.69014379   0.03385240   -0.61186434 
0.08282030   -1.98860004  0.50170281  
-1.84855245  1.36363728   0.55831410  
-2.07805374  1.01841710   -1.45139028 
1.50475506   1.75306869   0.34682231  
0.98800018   -1.87401879  -1.58295782 
-0.28382860  0.29443101   -2.13170749 
# New molecule
0.35299117   -1.38837553  1.82852721  
0.94324753   2.14407951   0.51580731  
0.77051532   -1.74937112  -0.47340467 
0.23950680   -0.74502631  -1.86633372 
1.67876789   0.81403605   -1.02359024 
-1.11793291  1.15671744   -0.85443280 
-1.56947915  -1.76654386  0.67042925  
-1.35007740  -1.69843164  -0.97856373 
1.91705822   0.14330512   0.95968876  
