# Array shape: (10, 9, 3)
# New molecule
2.48820545   2.76722142   2.34237834  
3.42941804   3.79777257   4.06885889  
1.82324203   1.95734415   0.51565925  
0.29876616   3.90746230   3.00751298  
3.93681771   0.72331968   0.50497991  
3.49094416   0.01965538   3.60405804  
2.37440325   0.05106340   1.38964838  
1.17969694   1.82942217   2.92870051  
0.02609620   0.34901910   3.98427540  
# New molecule
4.12190620   2.57154189   4.12858023  
1.06368257   1.73982508   0.39928151  
1.97933120   2.90059935   2.94602527  
0.70010332   0.84973850   3.74276503  
1.86092321   0.12861888   1.02231761  
3.10861808   4.13824108   0.98914209  
0.07720702   4.30647596   2.39903760  
3.35729729   2.40241233   0.39479225  
1.52036042   4.10648606   4.25692184  
# New molecule
2.66923229   2.11547729   0.18280415  
2.63729658   2.98200697   4.12571842  
1.51881392   2.19220119   2.93968031  
3.46880950   4.18456254   0.29229962  
3.01049212   0.38997945   4.02084711  
0.27235915   1.96803261   0.00374488  
4.16406857   1.72778104   2.99875734  
4.17207729   0.92709548   0.69110724  
0.44078325   3.88437118   0.38753473  
# New molecule
1.02423751   1.07920684   4.24911827  
3.75751135   0.80952031   2.39049112  
1.99863293   4.22008103   2.12320637  
3.79999866   2.64869611   2.04073946  
3.80627013   2.98558675   0.21238739  
3.20452679   2.36457394   4.22008479  
2.14793037   0.12902754   1.25321921  
0.10240027   2.58684479   3.30824254  
0.62786538   0.16738300   2.80318780  
# New molecule
1.74249371   0.51051682   1.30281923  
4.03775754   3.40054092   3.90913652  
0.02382238   4.02655051   2.50419949  
1.47004362   4.11932966   3.73891425  
1.67788502   1.93419256   2.31805956  
3.69917832   4.06697776   1.89490781  
0.46748629   3.93595765   0.66468181  
1.86198922   0.23462633   3.60232678  
3.90049625   1.21410993   2.46303809  
# New molecule
2.63755177   2.60280302   0.24135575  
3.80339531   3.90477254   2.13675966  
1.75363968   4.06842740   3.41375917  
1.21214118   1.33892788   1.69409277  
3.46575825   0.89314074   0.79852435  
0.51808223   3.19817751   0.43920294  
4.04159458   0.01615079   4.21994638  
0.56726972   1.36764135   3.50532045  
1.79602038   4.25418213   0.89308384  
# New molecule
2.72866762   0.16720281   1.48408243  
3.66109430   4.22564834   4.30548452  
1.18904439   2.00308324   2.71908273  
2.88166105   2.06071526   0.34319099  
1.85263637   0.10915045   3.71533136  
3.69602556   0.53833875   3.07285347  
3.32174733   2.57136204   3.50897121  
0.16059340   3.88164595   1.13013578  
1.81917686   3.63163732   1.98362758  
# New molecule
1.54317748   1.73337316   3.51712511  
0.48886077   3.87888685   2.45704716  
1.65462986   3.82822510   0.95872344  
0.24839941   0.50913821   3.45842360  
4.09703872   0.91339368   3.90214265  
3.99638124   3.08900250   3.38821787  
0.11258949   2.46166354   1.07177025  
3.69723328   0.04358808   0.60258996  
2.32842936   3.87223485   2.84507007  
# New molecule
1.31764512   1.50975733   0.49689957  
0.42732262   1.08067960   3.92904359  
3.55117815   3.33694711   3.31603549  
3.53323268   3.09196568   0.10234992  
1.31411655   3.41095090   3.27300683  
2.74114863   1.37077793   2.35536001  
2.67931261   0.31581041   3.90049717  
3.22524351   0.08025394   0.52988983  
4.29846255   1.12819469   3.20450667  
# New molecule
0.70699003   3.27248684   2.10235113  
0.58754015   3.39709954   3.94619241  
2.58732030   3.68109717   0.31234050  
3.32002540   1.85008650   0.44513631  
4.23790578   2.65562128   4.30358898  
2.31887906   0.17193677   1.40904738  
3.08345236   2.93238501   2.46431279  
1.97283444   1.76494324   4.08690512  
1.95703090   2.04631421   1.45565590  
