# Array shape: (20, 9, 3)
# New molecule
0.35981692   1.68709600   -1.08865151 
-0.39435226  1.40672108   1.45573082  
-0.49304474  -0.98561674  2.07353744  
1.95163703   -1.34577363  -1.82244478 
1.95546486   1.49906230   0.11835004  
-1.99380868  -2.05087433  -0.57014753 
-1.83775643  0.24546521   0.46468299  
1.86911912   -0.52995126  1.53317308  
-1.39376658  0.55837743   -1.56030245 
# New molecule
-1.96395902  -0.46229150  1.27736188  
-0.17900249  1.82215846   -0.82634378 
-2.08585921  -0.74825891  -1.30380498 
-0.74998572  -2.06728156  -1.00357408 
1.95557080   -1.91109447  -0.87996066 
1.44405761   0.84457788   -0.78621679 
-0.87466723  -2.11547297  1.11637083  
-1.63260458  0.73918466   -0.61046528 
-0.04003093  1.35209463   1.33692905  
# New molecule
-0.55106115  1.62372515   -0.82150977 
-0.47290572  -2.05028840  1.83331742  
-1.66332192  0.11666488   2.06780525  
1.55268237   1.73972604   -0.22651766 
0.47306900   1.39717361   1.21592481  
0.97680678   0.16740327   -1.81261423 
-1.99865112  0.04122759   -1.86754155 
-0.55442299  -2.05762485  -1.78053924 
-1.67445704  0.68678648   0.42487933  
# New molecule
-1.23286023  -1.70529380  -1.27207510 
-1.32281181  -1.39427067  0.48951459  
0.65764037   -1.45169205  -1.54568594 
1.36763033   -0.11976291  1.10859821  
0.48039847   -1.39086302  2.12190513  
0.31497615   1.67255441   0.63678224  
2.14897017   -1.81454831  1.58660782  
-0.44396991  1.20520085   -1.21878661 
-1.28835075  -0.44556481  2.03744168  
# New molecule
-1.35576562  1.92374700   0.72047635  
1.53889540   -1.75562830  -0.13981138 
-1.56966771  0.52467208   -0.51680128 
-1.59368817  -1.67418723  1.17627304  
1.63991574   1.38569411   -0.91059983 
1.78298153   -0.98780893  2.09742272  
-0.40604594  2.00960747   -1.30517333 
-0.93867992  -1.90625992  -1.71018275 
0.18086761   0.20975293   -1.97214402 
# New molecule
0.53017275   -1.70677172  -1.23541417 
-1.98719973  0.26052612   -0.04756725 
-1.62388784  -1.17530074  2.09932761  
-0.84033018  1.55351147   -1.06647228 
-0.19125981  0.63267800   1.61385186  
1.63587670   0.98010803   0.94838270  
-0.98168802  0.04851859   -1.96096275 
1.77086870   1.39739903   -1.52296426 
-2.01924951  2.02605818   1.44529966  
# New molecule
0.27516721   1.75643109   1.45803287  
-1.11002533  0.21792906   -1.90517471 
-2.06277510  1.90771494   1.10860650  
-1.31490271  1.67453842   -0.65543083 
1.48729639   -0.22750327  1.84976147  
-0.60913982  -0.64982364  1.64282386  
1.62086686   -1.75445603  -1.12232967 
0.83744409   0.01597183   -1.69165121 
0.68613756   -2.09389179  0.79006358  
# New molecule
0.13953402   1.31186975   1.17887938  
0.01042227   0.19232980   -1.75917151 
2.13830608   -0.35186553  1.53161995  
-1.81011207  -0.29523599  -0.76230432 
0.38015930   -1.24812170  1.93770321  
1.95724524   0.44881936   -0.22090834 
1.68740222   -1.08043217  -1.63775175 
-0.07076573  2.05124085   -0.40199627 
1.70009311   2.08001826   1.63678318  
# New molecule
1.75090660   -0.11985254  -1.24648366 
-1.85254668  1.07832490   -1.55329719 
1.42916974   -2.12667940  0.92732848  
-2.02808882  -1.63008875  1.64089403  
1.61085308   0.26813415   1.08693817  
0.46737198   -1.29338236  -2.04187481 
0.70418133   1.64043194   1.72014691  
-0.99270655  0.37121249   1.76062786  
0.93613600   1.46361026   -0.49637288 
# New molecule
0.63170520   1.93544056   -1.46260308 
-1.86095291  -0.68431474  -1.97039488 
0.23029772   1.02764720   1.62963391  
2.11078719   -1.26444862  -0.02187583 
-1.38230569  -1.90872170  -0.10367524 
1.54864373   0.97657010   0.39327104  
-1.97853624  -0.11068157  0.48306857  
1.56845890   -0.39423386  1.72327268  
0.38915493   -1.21840181  -2.03948549 
# New molecule
-0.28664303  2.13541409   -0.09660464 
-1.14902130  -1.73190296  -1.62589457 
-0.33116186  0.83838628   1.68482698  
1.75471081   -1.33718141  -0.86373927 
-2.07834003  1.91101694   -0.47078068 
2.08944215   -1.75941480  1.39956175  
1.74758760   1.17340742   -1.33096608 
1.98144088   0.30266472   1.08053189  
-1.53752158  -1.03108551  0.86279236  
# New molecule
1.87378618   2.00339875   0.06964320  
1.11167922   -1.18263794  1.30938976  
-1.14285544  -0.97480374  1.53948595  
1.50368935   -0.29895614  -1.27612432 
-0.18689489  -1.61996225  -1.76124704 
-0.29360500  1.80232311   -0.58139641 
0.63763119   0.68369303   1.88395769  
-2.13407143  1.03893089   -1.95038815 
2.08576990   1.72211901   -2.09595024 
# New molecule
-1.50692818  -0.67282998  1.88624640  
-2.07357552  -1.60990308  -1.10624703 
2.08976719   0.74886997   1.81057874  
0.86686524   -2.14498268  0.50616589  
-2.15397891  1.50835721   0.07573857  
-0.93464933  1.24551561   1.79323528  
-0.86152633  -1.64963708  0.39206626  
0.97007957   -0.74593327  2.09603847  
-0.13254997  -1.20394460  -1.43475889 
# New molecule
-1.04190350  -1.48211798  1.11745499  
1.97500535   0.76566593   -1.91464110 
0.14082930   -0.08674608  1.97372501  
-2.03347401  1.23409530   0.40640892  
1.74292964   -0.05097334  1.38885864  
-1.04367919  -1.24513836  -1.01542859 
1.20580981   1.32126091   0.45990810  
-0.55804091  1.79186134   1.21164370  
2.04127951   -0.74691043  -0.57225105 
# New molecule
2.09945732   1.68290049   1.70132456  
-1.95916046  0.65876590   0.06677857  
1.18511628   2.05628494   -0.55687418 
-1.96449788  1.40690398   -1.72824669 
-2.08961407  -1.90749745  -2.12922497 
0.17830449   0.00844472   -1.79785605 
-0.69381522  -1.43521457  -0.76537145 
1.15507762   -1.71624410  0.52974349  
-0.21789960  2.04066571   -1.69740370 
# New molecule
-0.62488804  1.02951050   1.50470016  
1.14260548   -1.15685451  -1.43513130 
-0.42942194  -0.36302807  -2.08032800 
-1.42844409  1.85118409   -1.46728271 
-0.59856689  -0.87553613  1.52897049  
1.58159950   0.93538400   0.58985684  
1.83107579   -0.91582186  0.91600885  
1.60425026   1.73219782   -1.25685480 
-1.61241481  0.22813829   -0.28027448 
# New molecule
-0.56841089  2.11264002   -1.27702057 
-2.02608255  0.90179464   -1.06925433 
1.53589515   1.79448395   -0.04862842 
-0.12196241  1.57227511   1.42477059  
-1.41164629  -1.35857257  0.28378532  
1.90140238   -1.53866699  0.87974695  
1.32722389   0.10573043   1.36021170  
2.14894478   -1.95941071  -2.14661995 
-1.97325672  0.72356703   2.10430724  
# New molecule
-0.23459013  1.47136170   -0.76873521 
1.31112201   -0.27083202  -2.03306523 
0.66054530   0.20220930   1.73513654  
-1.27755229  -1.45397358  0.58197330  
1.60631087   1.24680203   -0.65811345 
-0.31585802  -1.26370877  -1.86297085 
1.48566236   1.89351632   1.30281310  
1.45483942   -1.06845363  -0.02504574 
-2.07795311  0.51268755   -0.74376174 
# New molecule
1.84005277   -1.38481934  -0.65597568 
-1.67210974  -1.10040867  0.39043048  
-1.38219325  -1.07205114  -1.61883926 
1.78487826   1.46510582   0.78907940  
1.06734219   -0.49206355  1.36523639  
-2.03110632  1.84303978   0.64410236  
0.80931154   0.15200828   -1.63787073 
-0.21564405  0.95118386   1.49441151  
-0.26597267  2.12266463   -0.64945003 
# New molecule
1.45308533   -0.34845840  1.09969688  
-1.55772307  0.74410901   1.89216088  
1.94030442   -0.65735322  -1.60909819 
-2.13760176  -0.90822334  1.01582919  
-1.27209798  -0.87972218  -1.35544440 
1.13107795   2.12158400   0.21145702  
1.69788585   -2.11805244  0.18253433  
-0.86908899  -2.11244374  1.78000329  
-1.69948324  1.12793855   -0.68312699 
