-3.637969103839733975e+01
-3.468547969625362271e+01
-3.429272552343216063e+01
-3.484516732900228675e+01
-3.484766829856316406e+01
-3.553993535887742183e+01
-3.523179701923363893e+01
-3.419052233340531899e+01
-3.899281809947247268e+01
-3.517055647044839617e+01
-3.508010798025645016e+01
-3.397606289968506843e+01
-3.424057948560479758e+01
-3.505607690652566788e+01
-3.382044087896415618e+01
-3.632461116927500200e+01
-3.451451724322164694e+01
-3.501119843810860743e+01
-3.487126255052194068e+01
-3.377242006339337621e+01
-3.428941067548228006e+01
-3.570520300418814941e+01
-3.458602109087014043e+01
-3.437801314065475111e+01
-3.695493295725855631e+01
-3.754565084372340777e+01
-3.525468322662385390e+01
-3.684276769398030638e+01
-3.427406118531412460e+01
-3.844767587907104200e+01
-3.443670826706554067e+01
-3.392457121815203891e+01
-3.583068280052680166e+01
-3.492360145619153400e+01
-3.455535043975721265e+01
-3.395413193558500353e+01
-3.908711217192734466e+01
-3.597665114612489390e+01
-3.941267495372450469e+01
-3.801159050378240067e+01
-3.459187226376488411e+01
-3.407552844974029682e+01
-3.448379133562671939e+01
-3.484852387520548689e+01
-3.655103306305819899e+01
-3.482179813094903409e+01
-3.745069783643791794e+01
-3.723796236884454913e+01
-3.487327209789700078e+01
-3.814022401783559957e+01
-3.640847980530178063e+01
-4.138734048377289554e+01
-3.532808829645176019e+01
-3.387494677127086362e+01
-3.767238385868464690e+01
-3.441301593999770603e+01
-3.429599997722817761e+01
-3.528802835309401331e+01
-3.460692378353603260e+01
-3.848881263033884892e+01
-3.396428677506886373e+01
-3.473266236961845976e+01
-4.094329823791418477e+01
-3.684324567246181914e+01
-3.632996503702464963e+01
-3.516939098852000711e+01
-3.436451328971758556e+01
-3.384120846498701951e+01
-3.544462650086112632e+01
-3.395243590855328364e+01
-3.468034363916283525e+01
-3.531635291396442966e+01
-3.632299396568878080e+01
-3.737796165093088518e+01
-3.428668878891115668e+01
-3.515570645206204148e+01
-3.572974425271700483e+01
-3.518705089703792765e+01
-3.620768973034505933e+01
-3.434075414897946388e+01
-3.390028961282253306e+01
-3.390898881229820461e+01
-3.385123715845455905e+01
-3.511826955010447193e+01
-3.463878005188146858e+01
-3.607870223582892066e+01
-3.505906762721944148e+01
-3.393063041605562091e+01
-3.736352706708395033e+01
-3.657976872890291276e+01
-3.603308264422199869e+01
-3.439262767674715349e+01
-3.807443922728747054e+01
-3.451919431493119816e+01
-3.383383932754623658e+01
-3.461077963646834377e+01
-3.414149134028765076e+01
-3.391220917757523523e+01
-3.435504208751342503e+01
-3.748204099582513749e+01
-3.585487846614329044e+01
-4.145523526838466211e+01
-3.428079444304906076e+01
-3.421226012784761394e+01
-3.483712961774135408e+01
-3.727400201379280986e+01
-3.702608539711619784e+01
-3.770995744609827938e+01
-3.890752949535549732e+01
-3.405861746594672468e+01
-3.595545339818256991e+01
-3.393335804348954809e+01
-3.532008007287451790e+01
-3.818858292077040062e+01
-3.392066676725450236e+01
-3.399371758130961041e+01
-3.593644137006061356e+01
-3.410579751809491711e+01
-3.383265186240670630e+01
-3.428191537382424769e+01
-3.384600367681743904e+01
-3.374865786400876289e+01
-3.689584895115994811e+01
-3.491729547017802560e+01
-3.814502598445469772e+01
-3.476718331155549180e+01
-3.579957602931092708e+01
-3.533971455188521560e+01
-3.739210712020054217e+01
-3.515882794984993609e+01
-3.816375483214942932e+01
-3.427962875189250980e+01
-3.571643180092116410e+01
-3.399539518768726509e+01
-3.628901149073392673e+01
-3.443122913517544248e+01
-3.619256101374848100e+01
-3.400203373285667396e+01
-3.647686852840817551e+01
-3.555148493193772197e+01
-3.417017749525679449e+01
-3.502962051990686376e+01
-3.414351750469798219e+01
-3.621233048255302123e+01
-3.651213871929712695e+01
-3.463804293530160550e+01
-3.534923062320159204e+01
-3.375848135969927455e+01
-3.421515145933549462e+01
-3.542698199044927776e+01
-3.614510916661932072e+01
-3.425721880956967169e+01
-3.426297062559886797e+01
-3.756943729367042550e+01
-3.895403743284239795e+01
-3.507028856836593178e+01
-3.468918289908332753e+01
-3.428092793490607448e+01
-3.608079658366730058e+01
-3.557919031227983453e+01
-3.573762203912298219e+01
-3.617465473086822669e+01
-3.519132940514153063e+01
-3.472899661912478564e+01
-3.569641039767429191e+01
-3.773968709128229904e+01
-3.555314311749712175e+01
-3.703833052727193120e+01
-3.766838907725153973e+01
-3.432476992287137563e+01
-3.462815699907471867e+01
-3.448910908953327237e+01
-3.438200237093592904e+01
-4.026773910219176145e+01
-3.401496411434614231e+01
-3.638161695502831350e+01
-3.580199271859404320e+01
-3.477936277813916632e+01
-3.416388878898133896e+01
-3.824726053501826328e+01
-3.474200180504088564e+01
-3.486756184157661664e+01
-4.374031868102473908e+01
-3.541017247761032394e+01
-3.482913198457088555e+01
-3.848122187434027097e+01
-3.447335929778020613e+01
-3.463228555576170464e+01
-3.412955255710978264e+01
-3.833843455241610343e+01
-3.516076222544495522e+01
-3.470711774364676216e+01
-3.422698655342792762e+01
-3.576670454514631814e+01
-3.623701099056968644e+01
-3.491465441453358665e+01
-3.907626814679336036e+01
-3.379923396274347880e+01
-3.385800249778929327e+01
-3.469896846838408777e+01
-3.667057187960548958e+01
-3.581157665650313504e+01
-3.514724284482029049e+01
-3.736216457637296173e+01
-3.966575576568641281e+01
-3.866100875049392016e+01
-3.473590150704459489e+01
-3.597743121804266764e+01
-3.522086479600975650e+01
-3.391128616252255767e+01
-3.466958516374553056e+01
-3.547381047708517343e+01
-3.537722641613137142e+01
-3.427715955305752971e+01
-3.448166863813184335e+01
-3.490552010367426305e+01
-3.539116656256312154e+01
-3.635390917707927372e+01
-3.886689143890146170e+01
-3.744563131642988196e+01
-3.447793863969336314e+01
-3.533318614524706902e+01
-3.591795123704179815e+01
-3.529113563903599271e+01
-3.769174298659194733e+01
-3.773321685644873469e+01
-3.453065740514871607e+01
-3.550642850650887539e+01
-3.441935003475796861e+01
-3.447848939605525231e+01
-3.410629159200654215e+01
-3.534724417695277765e+01
-3.444998514504963083e+01
-3.584879895562637131e+01
-3.615315983992797300e+01
-3.466100188476227117e+01
-3.410282131182719922e+01
-3.676455731649825509e+01
-3.538893715709541254e+01
-3.517091979702870219e+01
-3.430455547506791447e+01
-3.399380005217639678e+01
-3.382573895459101010e+01
-3.629902689194396004e+01
-3.595948277847080021e+01
-3.496475433601631977e+01
-3.873755943247513756e+01
-3.406576668703407051e+01
-3.596622385970638192e+01
-3.433908515095737357e+01
-3.579393459885746864e+01
-3.455399723040237348e+01
-3.617155356154140122e+01
-3.961135735142546110e+01
-3.543283726882631157e+01
-3.586975313425624989e+01
-3.890766703781470426e+01
-3.517877430447335030e+01
-3.604686924166872330e+01
-3.478078141386718158e+01
-3.442506223623362871e+01
-3.551152817433236208e+01
-3.428960235109772015e+01
-3.411511370355741235e+01
-3.389026608240779126e+01
-3.382322118603495653e+01
-3.434482640050747193e+01
-3.542414748591246365e+01
-3.657664711299788252e+01
-3.480014289343156264e+01
-3.646916711860590965e+01
-3.419953222581964525e+01
-3.390673495267875381e+01
-3.423379059620533127e+01
-3.574750416584426205e+01
-3.608831432019034935e+01
-3.418391023695184572e+01
-3.760049825980549798e+01
-3.499374604926138943e+01
-3.388405809576492800e+01
-3.392167646848010065e+01
-3.395548117862449544e+01
-3.382566847652333308e+01
-3.571407935981459048e+01
-3.467450345406254542e+01
-3.389167424313590971e+01
-3.510385962588327402e+01
-3.529668615957337607e+01
-3.503556952866740914e+01
-3.607045246471593458e+01
-3.447304606103377722e+01
-3.384015810160128979e+01
-3.648251408963943021e+01
-3.881342741218822567e+01
-3.434418395506858701e+01
-3.399134016557963633e+01
-3.442851371380408665e+01
-3.703425639152460747e+01
-3.374852574561550966e+01
-3.740166291574315238e+01
-3.738959479969088306e+01
-3.629169084338168716e+01
-3.674955246119107244e+01
-3.385274235337844573e+01
-3.857914087717180962e+01
-3.401473210345356080e+01
-3.584674810745755735e+01
-3.497102902810724601e+01
-3.442748312799252375e+01
-3.426052927186036356e+01
-3.760565286549153541e+01
-3.903321712126803078e+01
-3.884245805869615964e+01
-3.704845170423105571e+01
-3.586582426921107469e+01
-3.518035656824659441e+01
-3.478402398938339957e+01
-3.387699123319308114e+01
-3.625631969029102208e+01
-3.472028702127620647e+01
-3.614991158714806829e+01
-3.603958624870109873e+01
-3.383387166689502124e+01
-3.459195428777683645e+01
-3.443395445204218674e+01
-3.405390221150577901e+01
-3.439058317328631631e+01
-3.588678616660739351e+01
-3.458432082841546418e+01
-3.476942667012708910e+01
-3.397038457952065471e+01
-3.702465333210904674e+01
-3.448414353933053178e+01
-3.693790565897018752e+01
-3.536952029937687314e+01
-3.561488073389630671e+01
-3.571744406643646386e+01
-3.521207009482220229e+01
-3.467347583663170951e+01
-3.608119590744455252e+01
-3.386799818920191996e+01
-3.519629996953288753e+01
-3.567368057151894334e+01
-3.456224479848413011e+01
-4.072738468643526488e+01
-4.108260682951369347e+01
-3.793399035480292270e+01
-3.438749212265297217e+01
-3.448301803558656786e+01
-3.717295117989537090e+01
-3.530464637755133595e+01
-3.584308610150269914e+01
-3.631612520617864703e+01
-3.558337334843265864e+01
-3.649208782819462016e+01
-3.521653610468711548e+01
-4.182460481939727970e+01
-3.621503270038154199e+01
-3.400488026161646360e+01
-3.762509641142482764e+01
-3.478399388443317264e+01
-3.491469886023420344e+01
-3.393526323855503080e+01
-3.759214376030227101e+01
-3.779095368777458930e+01
-3.641518891145876324e+01
-4.066173814894301586e+01
-3.636115996238815029e+01
-3.514371821242600191e+01
-3.420485887701498484e+01
-3.753368005963572784e+01
-3.395949084675941521e+01
-3.559399692564377915e+01
-3.451539338860466444e+01
-3.997821952174774651e+01
-3.646129780028495304e+01
-3.638956121672224242e+01
-3.545102578330261878e+01
-3.409394401662574126e+01
-3.524892918331359937e+01
-3.890502539751307864e+01
-3.522807678568433687e+01
-3.390914484206873425e+01
-3.843316709812155807e+01
-3.381164548783623047e+01
-3.676019614186666473e+01
-3.537987748664099286e+01
-3.679113044415009881e+01
-3.408166375642006329e+01
-3.452540256493544746e+01
-3.484962305084023626e+01
-3.466125732817163652e+01
-3.521722420324937985e+01
-3.479429269466884733e+01
-3.382111206369802403e+01
-3.414892753510445544e+01
-3.680726780224524930e+01
-3.379010736208341825e+01
-3.399783217409584779e+01
-3.388019761164584054e+01
-3.403175130937863457e+01
-3.519534767950322873e+01
-3.545752794102649119e+01
-4.183877786117384545e+01
-3.837235236533008731e+01
-3.680087718231168736e+01
-3.499696781443334714e+01
-4.340794768796892811e+01
-3.687337551750453457e+01
-3.671244192406953033e+01
-3.559362295984833224e+01
-3.475167289535317394e+01
-3.412379351865157417e+01
-3.538351132048311598e+01
-3.445933840908671186e+01
-3.435995486972120005e+01
-3.623352997561943312e+01
-3.766902961307596343e+01
-3.511601695491740571e+01
-3.385781220261191748e+01
-3.700220017764236502e+01
-3.413424058900886138e+01
-3.416066130701425152e+01
-3.472599759725081725e+01
-3.559974810813799451e+01
-3.928033418112897124e+01
-3.487881110778788951e+01
-3.656130999757594680e+01
-3.757807695058069442e+01
-3.397358747320750183e+01
-3.766670203836095965e+01
-3.449599532579362915e+01
-3.538246943620251272e+01
-3.683574426783648192e+01
-3.669897800611774841e+01
-3.715411613562049808e+01
-3.830491972416912461e+01
-3.899657615190415072e+01
-3.446820774501621543e+01
-3.376164544616163710e+01
-3.612514633963463950e+01
-3.422151135059146299e+01
-3.538384955515952868e+01
-3.655860683945756051e+01
-3.520560317744271117e+01
-3.722869247779484425e+01
-3.417984077457970926e+01
-3.379645641982889970e+01
-3.413114852179737113e+01
-3.633836079503704752e+01
-3.406523785130266191e+01
-3.706485139493982217e+01
-3.538759786734885893e+01
-3.540883462083697708e+01
-3.441988180177089163e+01
-3.750121578982734860e+01
-3.466252023039020713e+01
-3.467121944302537884e+01
-3.741611830341233969e+01
-3.909706420990774234e+01
-3.399773419386963980e+01
-3.595973629278178407e+01
-3.659145112050224924e+01
-3.769154792803253429e+01
-3.388879486363882165e+01
-3.784098264231072051e+01
-3.378315081096000938e+01
-3.658783429879100169e+01
-3.495319731766863214e+01
-3.559573707970039180e+01
-3.571622211188706331e+01
-3.946025096567841928e+01
-3.430334141724303265e+01
-3.390355470685524608e+01
-3.688613979675478305e+01
-3.453651838916782424e+01
-3.392594326959775941e+01
-3.609955373728077888e+01
-3.802187203357518541e+01
-3.389357219444818980e+01
-3.393926990541602606e+01
-3.843297531803099076e+01
-3.740473764924598044e+01
-3.382998127673760536e+01
-3.556588146707481712e+01
-3.855106692741878760e+01
-3.858692734499994259e+01
-3.700314399652302200e+01
-3.428068875835004548e+01
-3.794225701481533264e+01
-3.601882637606729531e+01
-3.388903902415251679e+01
-3.544526480701016879e+01
-3.825367751905362468e+01
-3.496345451969422413e+01
-3.410532985529475525e+01
-3.503948274709618005e+01
-3.616676119896281705e+01
-3.770095301302198720e+01
-3.728737759945938990e+01
