-3.800390045536310879e+01
-3.541038770817788617e+01
-3.706367283773861487e+01
-3.679847059982394342e+01
-3.596988788458095598e+01
-3.572015929012341928e+01
-3.494570472001080930e+01
-3.495495344405077276e+01
-3.631545057220823480e+01
-3.613635509192054229e+01
-3.548971857522594320e+01
-3.797436988946738268e+01
-3.702392370058485938e+01
-3.569841803222628585e+01
-3.613983629618100224e+01
-3.575210295169755170e+01
-3.493553197253804399e+01
-3.538606783792976529e+01
-3.508693341980892200e+01
-3.574621852134083611e+01
-3.638779324039724372e+01
-3.583254632718142574e+01
-3.989512133649283498e+01
-3.610502232613431772e+01
-3.496388732958767775e+01
-3.537035244488985342e+01
-3.559708848518315705e+01
-3.618841672879127458e+01
-3.555260333343389334e+01
-3.564365000501016567e+01
-3.815487439282067328e+01
-3.558768662298960095e+01
-3.794037447855963308e+01
-3.828065159898185499e+01
-3.665186722543662512e+01
-3.514701111935367095e+01
-3.519391974583239602e+01
-3.510042049370643724e+01
-3.701545174704439489e+01
-3.545744318234319081e+01
-3.618073795690337846e+01
-3.518171301281122965e+01
-3.494731165157596564e+01
-3.584342310091899009e+01
-3.553192939426435260e+01
-4.058136244857629293e+01
-3.575236551382776895e+01
-4.000349748651532167e+01
-3.606718165629872885e+01
-3.539077812800106670e+01
-3.763006779688132752e+01
-4.035393246209023488e+01
-3.896780620936458206e+01
-3.699343756916020709e+01
-4.057279882024551654e+01
-3.982170377575249631e+01
-3.953715431429352378e+01
-3.592355600617225519e+01
-3.603221941879537837e+01
-3.701919338721448582e+01
-3.595811924583627217e+01
-3.520475360886457850e+01
-3.899131089386369098e+01
-3.587061279557760685e+01
-3.489808443489098977e+01
-4.153273671441482406e+01
-3.836481890541088546e+01
-3.509609497067383188e+01
-3.529426548777154693e+01
-3.895149835806966365e+01
-3.696139407119144238e+01
-4.018490569347947172e+01
-3.496467714484743539e+01
-3.801912003229975312e+01
-3.520437534828909776e+01
-3.573292363634759994e+01
-3.596431826708936086e+01
-4.174874150425840469e+01
-3.861192892872175264e+01
-3.599873384663892750e+01
-3.495695405907268594e+01
-3.591796569526621141e+01
-3.584596436333187341e+01
-3.650484915753941095e+01
-3.804630510748418004e+01
-3.826464264215322686e+01
-3.608311002629311304e+01
-3.571112151178289196e+01
-3.675019344722220183e+01
-3.684611157356646061e+01
-3.507662615840018105e+01
-3.655043299690323977e+01
-4.382856811860931145e+01
-3.549130100520709163e+01
-3.561191644446774518e+01
-3.709296444971170104e+01
-3.722342036400537069e+01
-3.537911158332211414e+01
-3.557125614652927936e+01
-3.675244848919921026e+01
-3.927672533425144508e+01
-3.673330990081953473e+01
-3.680818583528879628e+01
-3.486114608016024619e+01
-3.627675807249272566e+01
-3.590006971519616741e+01
-3.613123200430891302e+01
-3.537058132545330125e+01
-3.746852293394083233e+01
-3.541297036273614651e+01
-3.559652647121716740e+01
-3.626320397136161944e+01
-3.644708476305931555e+01
-3.503129006860934425e+01
-3.578789281518233167e+01
-3.696033078049357812e+01
-3.705067113489170083e+01
-3.806561143864518471e+01
-3.669387628567649529e+01
-3.719569024224943377e+01
-4.363706106202671720e+01
-4.137208281920542419e+01
-3.929807600087588071e+01
-3.609055700078413054e+01
-3.579610158994837832e+01
-4.003128227027846719e+01
-3.740111715862824582e+01
-3.525704125216547169e+01
-3.591052574217084725e+01
-4.115813902299269955e+01
-3.479744941169585815e+01
-3.553139849590228749e+01
-3.784344500350819374e+01
-3.562514791737034159e+01
-3.566997405202474170e+01
-3.606098121141236135e+01
-3.699919154242682851e+01
-3.647014229795611584e+01
-3.578949132563305113e+01
-3.771277670797113046e+01
-3.479573694319054056e+01
-3.484512856071314957e+01
-3.503881927669413443e+01
-3.743349105847100589e+01
-3.639148257220970351e+01
-3.522367822636253720e+01
-3.560506084355871081e+01
-3.590717678875302710e+01
-3.517888655422120792e+01
-3.539116440067760294e+01
-3.576513280620558533e+01
-4.064961386185381542e+01
-3.511485874197752111e+01
-3.902138234205651912e+01
-3.485867798758680891e+01
-3.758223817103635156e+01
-3.528774555517500744e+01
-3.757260647400602949e+01
-3.502206337849376183e+01
-3.497732800906381101e+01
-3.900321918352053530e+01
-3.498272471450588483e+01
-3.602800159510829303e+01
-3.528257574285908760e+01
-3.662981032878026610e+01
-3.756596368453104873e+01
-3.875694959237738146e+01
-3.524981380084989979e+01
-3.560758664501627635e+01
-3.523224822726898253e+01
-3.836185636973383595e+01
-3.686300523736630197e+01
-4.094778808950163551e+01
-3.652864763499528777e+01
-3.544555897968385239e+01
-3.984464778394099227e+01
-3.636823956553651271e+01
-3.483541949531069548e+01
-3.499618913145563681e+01
-3.485007849601866070e+01
-3.560194046518329003e+01
-3.595172258159790601e+01
-3.578002460167800791e+01
-3.590352018180551852e+01
-3.563186659661652556e+01
-3.784600012563450377e+01
-3.500396803882426866e+01
-3.575496352909593156e+01
-3.629095538415455025e+01
-3.769597044253061568e+01
-3.517273266803406528e+01
-3.552616975632069085e+01
-3.689834971418622445e+01
-3.953674009231887965e+01
-3.812048107687363796e+01
-3.553747006096080696e+01
-3.657927582374624365e+01
-3.645067349800955725e+01
-3.933491730185649260e+01
-3.651206763020185520e+01
-3.487183253952075290e+01
-3.713440161853931443e+01
-3.963827705928324718e+01
-3.580597217649365405e+01
-3.687748025624421189e+01
-3.768000185314077299e+01
-3.709967618123195621e+01
-3.601700536816861131e+01
-3.483359519951353889e+01
-3.499861794384091240e+01
-3.488623791983313538e+01
-3.535231006197098225e+01
-3.558005086904678649e+01
-3.607594704713754652e+01
-3.534996837807786108e+01
-3.878999027158538127e+01
-3.640386822032863279e+01
-3.652211675710647398e+01
-3.583600109238320641e+01
-3.692023340756121286e+01
-3.544166480414950371e+01
-3.500464212138194853e+01
-3.714439105424135334e+01
-3.804018185964514487e+01
-3.667255781918136393e+01
-3.623471100306962001e+01
-3.562583399668185535e+01
-3.666945916492657886e+01
-3.499880689483382668e+01
-3.654313229342280067e+01
-3.890852316568247460e+01
-3.977144970501084487e+01
-3.800955380986265197e+01
-3.481412770765187048e+01
-3.478663208423284914e+01
-3.507644976162877981e+01
-3.531047730674476526e+01
-3.571333933915808245e+01
-3.935303295754813746e+01
-3.775561789761125198e+01
-4.193474306475608415e+01
-3.617404492670035410e+01
-3.498766583980868461e+01
-3.568432965950071178e+01
-3.573562095217752699e+01
-3.483887437944490983e+01
-3.605856938783679055e+01
-3.705806548990587856e+01
-3.751714208945564621e+01
-3.548036643969276582e+01
-3.569327899860818576e+01
-3.804057008500957693e+01
-3.698616070395797806e+01
-3.661080778817220249e+01
-3.495291854534625742e+01
-3.685466998685246409e+01
-3.598189461694545344e+01
-3.965824240145225588e+01
-3.761290516192421052e+01
-3.547183835641654071e+01
-3.673517221163488955e+01
-3.614295593086384883e+01
-3.742179887599225907e+01
-3.660096049618915970e+01
-3.619085409713629531e+01
-3.578848327264752527e+01
-3.669494802570650904e+01
-3.608373415929249717e+01
-3.953631783576695113e+01
-4.110887850649639574e+01
-3.815495413756544707e+01
-3.529441428545343484e+01
-3.641617196552917335e+01
-3.522504730594356204e+01
-3.638023146444225375e+01
-3.632568677096780618e+01
-3.760954796842895576e+01
-3.531428795340721649e+01
-3.528444434338766200e+01
-3.618140992478254958e+01
-4.426815293620609992e+01
-3.559181205599259101e+01
-3.789586266028946682e+01
-3.653141453007761186e+01
-3.576198174413868713e+01
-3.683671370456969640e+01
-3.814639664333381575e+01
-3.508967927396359698e+01
-3.516895312016494302e+01
-3.796420353375471990e+01
-3.924527678297563682e+01
-3.497598112395125014e+01
-3.640905125535071107e+01
-3.684546446819162213e+01
-4.027624223611717724e+01
-4.132509832973121888e+01
-3.619279950782505040e+01
-3.879312433614803979e+01
-3.553466339999943102e+01
-3.729048096447935734e+01
-3.678652060908573418e+01
-3.515080857120253199e+01
-3.558789187692293154e+01
-3.510470418264283410e+01
-3.557774466071537489e+01
-3.629539036624369430e+01
-3.879012398629445357e+01
-3.625833791373076309e+01
-3.610194755166507719e+01
-3.547466944717275794e+01
-3.943148443822310156e+01
-3.690783149565136512e+01
-3.592508170513193733e+01
-4.118457065701090158e+01
-3.753628614825997545e+01
-3.490931960632170217e+01
-4.152334516090654404e+01
-3.603299615328144512e+01
-3.545527109193483284e+01
-3.626815479839062561e+01
-3.495974413276483972e+01
-3.502790940001240472e+01
-3.754481702394843978e+01
-3.558742321437934919e+01
-3.907798261516018101e+01
-3.744547855016146087e+01
-3.506647504084394029e+01
-3.544771263011143247e+01
-3.528660133264327214e+01
-3.661935247976087027e+01
-3.639265643116222293e+01
-3.567204305813696408e+01
-3.528793427589371845e+01
-3.907002414158724690e+01
-3.500775481869470696e+01
-3.603157091224690589e+01
-3.656617498849940517e+01
-3.592803195692297180e+01
-3.598725645562275588e+01
-4.048260886393797620e+01
-3.610746171598331244e+01
-3.825249514619149238e+01
-4.053117386760163754e+01
-4.099712147912565285e+01
-3.596121190909016718e+01
-3.575473369283629665e+01
-3.657005496462186755e+01
-3.512492662879765959e+01
-3.600957920105470578e+01
-3.557810724650018130e+01
-3.625255034747365102e+01
-3.629205168544296356e+01
-3.716834080034074361e+01
-3.765550134451559217e+01
-3.636917643573773518e+01
-3.526901947354076583e+01
-3.719219405758760644e+01
-3.616812202862357850e+01
-3.589166598819316789e+01
-3.710713404665689552e+01
-3.534520475762339942e+01
-3.505958184767833785e+01
-3.591211763686285252e+01
-3.546383313155423878e+01
-3.661650223228015477e+01
-3.611524587321549262e+01
-3.707550524632038957e+01
-4.091602473887425617e+01
-3.509339951123568824e+01
-3.501736763205255443e+01
-3.644321079830449861e+01
-3.575854797252119255e+01
-3.634211088484523344e+01
-3.834718695265970467e+01
-3.677381481323676837e+01
-3.692364219484937848e+01
-3.532054137920032844e+01
-3.480287872060348775e+01
-3.923005390503736578e+01
-3.523146287642398278e+01
-4.123208673025322213e+01
-3.643977352688642668e+01
-3.595109477309032542e+01
-3.633466891012942312e+01
-3.576298151011413040e+01
-3.595805492144833693e+01
-3.575478313027217325e+01
-4.097031621719460759e+01
-3.539305036534902626e+01
-3.534974591725481474e+01
-3.764109364496856358e+01
-3.563802496113385843e+01
-3.492359827428416708e+01
-3.631180834401273216e+01
-3.561674339936474354e+01
-3.607943802749078799e+01
-3.727149878487602308e+01
-3.513064935088483765e+01
-3.755313406211638494e+01
-3.520716888198305128e+01
-3.488905387399431390e+01
-3.801643135054131051e+01
-3.740264008548998476e+01
-3.861648891764333769e+01
-3.708971580603214591e+01
-3.572156091264888289e+01
-3.798108428286870719e+01
-3.760966499474920255e+01
-3.540623662679715977e+01
-3.784084558058408021e+01
-3.870789763426064667e+01
-3.478042248682288573e+01
-3.519644980806254608e+01
-3.657621852391952189e+01
-3.524474495531043061e+01
-3.782940816613825064e+01
-3.511178387414621227e+01
-3.865346237450157929e+01
-4.477938731073291478e+01
-3.693606865321198995e+01
-3.571575220615834212e+01
-3.605050204174455075e+01
-3.590424012524778874e+01
-3.819289325159014226e+01
-3.787623233257008337e+01
-3.765964150681763556e+01
-3.621064078502744366e+01
-3.556516425272828030e+01
-3.689326986094452110e+01
-3.570036023365869227e+01
-3.745084354104464808e+01
-3.535980433039134141e+01
-3.653229561403250614e+01
-3.766696347796978017e+01
-3.730171168914219493e+01
-3.860631127319585687e+01
-3.576220922031494354e+01
-3.498744628650616306e+01
-3.525821165997201945e+01
-3.545024144882279415e+01
-3.545067290106759117e+01
-3.599065026633452646e+01
-3.542895626736022052e+01
-3.727680517849226760e+01
-3.694192178056296427e+01
-3.818994594190658631e+01
-3.488665359320946635e+01
-3.504575250037964196e+01
-3.565249045853678922e+01
-3.633141744000899109e+01
-3.593227495660182313e+01
-3.532592222714286834e+01
-3.487552159814433850e+01
-3.481689833489254937e+01
-3.645285793327069257e+01
-3.694454159130732762e+01
-3.801918089450192184e+01
-3.557046164148880507e+01
-3.588618077956551389e+01
-3.544716095994028393e+01
-3.490290792629583905e+01
-3.599466192945524767e+01
-3.518010512323833439e+01
-3.539791521120419304e+01
-3.491042156524368067e+01
-3.498012746874444900e+01
-3.482451258759042645e+01
-3.568483405452178658e+01
-3.796192890730318226e+01
-3.549690660671781473e+01
-3.592504762630318282e+01
-3.733439319374265608e+01
-3.544215130279192039e+01
-3.802856268251061067e+01
-3.846788902562549595e+01
-3.658851160237581013e+01
-3.612801948047140144e+01
-3.650537395793169537e+01
-3.704810478538358609e+01
-3.481278269763218702e+01
-3.482744310894774742e+01
-3.552092049105269922e+01
-3.791001105832230422e+01
-3.623776857008114405e+01
-3.623453897595182127e+01
-3.557835719686180198e+01
-3.564469237037481264e+01
-3.626958508725846286e+01
-3.492308324139909104e+01
-3.576387753004151904e+01
-3.494447486313246998e+01
-3.684766009429493039e+01
-3.966869830516442619e+01
-3.498234375834001497e+01
-3.695215643916237980e+01
-3.562108668771153930e+01
-4.005018915277351255e+01
-3.624140041386046107e+01
-3.618949612132325200e+01
-3.623883818848609195e+01
-3.495557170220309473e+01
-3.754271910596128237e+01
-3.535436575151165073e+01
-3.508442238652352785e+01
-3.571433713023329659e+01
-3.661158285686004632e+01
-3.511737249524854576e+01
-4.230993407135770212e+01
-3.810431283448376405e+01
-3.709716082610659527e+01
-3.708570128739729199e+01
-3.547786715295735149e+01
-3.553553179703352072e+01
-3.700926142952449283e+01
-3.522177674370932010e+01
-3.594063983207979618e+01
-3.478175370134171374e+01
-3.793962960967833453e+01
-3.546536982144954209e+01
-3.505206105002626060e+01
-3.652302005832074627e+01
-3.532753143317654576e+01
-4.158827724392263292e+01
-3.479951648107105200e+01
-4.194700965292891226e+01
-3.669382641130947320e+01
-3.658062857703444593e+01
-3.486908228884966832e+01
-3.667280586201280812e+01
-3.559820925125571733e+01
-3.573706223843098684e+01
-3.936135312154745947e+01
-3.487063590395503354e+01
-3.623956724456885325e+01
-3.493719656954758079e+01
-3.658253265836794554e+01
-3.491300492061261451e+01
-3.545333158910806759e+01
-3.578602497957577100e+01
-3.666891418484366483e+01
-3.511700612520280629e+01
-3.563000339128025473e+01
-3.490110324321757673e+01
-3.526722866731439865e+01
-3.750237509845117501e+01
-3.907672654106686139e+01
-3.677692317165509195e+01
-3.480859201340106068e+01
-3.767974015697854639e+01
-3.488431064713912377e+01
-3.559741233987791986e+01
-3.724218647828874396e+01
-3.546767349588702700e+01
-3.944124276566442688e+01
-3.500456702168888512e+01
-3.482459670935467244e+01
-3.717184179270034150e+01
-3.652649199237638555e+01
-3.506964124598967913e+01
-4.056595424952634943e+01
-3.586472661369032267e+01
-3.592588322236888132e+01
-3.478191731468618997e+01
-3.761564625744306767e+01
-3.506105450037699001e+01
-3.671702400078760320e+01
-3.500713881555029161e+01
-3.601650716140559894e+01
-3.807731974737107805e+01
-3.523834320610578885e+01
-3.504770352347338047e+01
-3.487845078854070380e+01
-3.786707177643719291e+01
-3.780628811731763506e+01
-3.541413565654485751e+01
-3.612346084646394218e+01
-3.572752543139436909e+01
-3.948551357169544929e+01
-3.714940849413903123e+01
-3.556327062204834988e+01
-3.563994532990634667e+01
-3.485679973142008237e+01
-3.533204839328578828e+01
-3.698536041086301651e+01
-3.565084535632688301e+01
-3.714997749362012769e+01
-3.497375581187247207e+01
-4.069191124476093080e+01
-3.637892384823981473e+01
-4.205658616135438876e+01
-3.661792103540634002e+01
-3.999948211490694661e+01
-3.628683733786565568e+01
-3.702016040987998480e+01
-3.631777659955598381e+01
-3.741386952273952460e+01
-3.544810051936001116e+01
-3.635739342249407002e+01
-3.781212839712729590e+01
-3.485840641790858285e+01
-3.536899755901383458e+01
-3.589107725912905522e+01
-3.849269975499272789e+01
-3.594495291889724342e+01
-3.630087945799994742e+01
-3.540030888654379737e+01
-3.642517013102780510e+01
-3.529552567247459649e+01
-3.521342333275443082e+01
-3.490985684802408429e+01
-3.594882043149472395e+01
-3.792727006618130758e+01
-3.528200715337315785e+01
-3.699049878918468437e+01
-3.565978011444359908e+01
-3.611801876988037918e+01
-3.868007228720883006e+01
-4.045583975194625026e+01
-3.657075925436620167e+01
-3.482630312122475402e+01
-3.751839173822224183e+01
-3.530146760097395031e+01
-3.629560471015038559e+01
-3.667080011515380988e+01
-3.558081725873890377e+01
-3.521727378905613648e+01
-3.507314063117666336e+01
-3.924920228046422466e+01
-3.605908854832382815e+01
-3.773381475534891649e+01
-4.082563911763840991e+01
-3.695904451185148076e+01
-3.528588613318176215e+01
-3.767883532315282480e+01
-3.493031471164145785e+01
-3.643401827445455154e+01
-3.486000526445902636e+01
-3.713051514548045162e+01
-3.797880356034498561e+01
-3.901104678271673265e+01
-3.542205745546316109e+01
-3.815578234962053727e+01
-3.768557354981832930e+01
-3.648054269051284138e+01
-4.231452827382659621e+01
-3.500601134782723278e+01
-3.741215965548339284e+01
-3.754255054507678580e+01
-3.599543765132962392e+01
-3.625519442501723688e+01
-3.927638301874507931e+01
-3.621739662020628003e+01
-3.619299592624529538e+01
-3.563692925496641806e+01
-3.505633484385237608e+01
-3.619070014996970031e+01
-3.532068201983449995e+01
-3.638121374414841114e+01
-3.510978802049780967e+01
-3.894150787455556184e+01
-3.595546612950509058e+01
-3.638646272052834263e+01
-3.634478789213865468e+01
-3.590008754413402414e+01
-3.825297878183579314e+01
-3.481358816291584901e+01
-3.618925764935103473e+01
-3.832256227016216599e+01
-3.638681486398753151e+01
-3.581407016784571340e+01
-3.903197573665009656e+01
-3.609212844341071502e+01
-3.485602148060326755e+01
-4.272174133648194072e+01
-3.771054916346493258e+01
-3.669035059091395112e+01
-3.826920370199169241e+01
-3.594249592745832445e+01
-3.830177866136527598e+01
-3.562075397615601702e+01
-3.481474681868252929e+01
-3.837505106961877743e+01
-3.767943440145404566e+01
-3.522540495597372256e+01
-3.563889246035710556e+01
-3.682493236274969206e+01
-3.714132534440911115e+01
-3.493981550273701231e+01
-3.555124463528404988e+01
-3.524195739259837978e+01
-3.640128160761337028e+01
-3.577588231584163481e+01
-3.567353728939011859e+01
-3.825568547790502549e+01
-3.576653301133483609e+01
-3.884991339869390714e+01
-3.636943800757278211e+01
-3.967257435000446719e+01
-3.555852392527508243e+01
-4.067278878755914917e+01
-3.511636404510779386e+01
-4.034820586177597335e+01
-3.567570712411553302e+01
-3.876486669572555144e+01
-3.601675514319644122e+01
-3.597366376662552767e+01
-3.578761232023340710e+01
-3.704808108201752503e+01
-3.529372700237394156e+01
-4.006707192168528309e+01
-3.498900224825553806e+01
-3.997461691504917525e+01
-3.499734377012852349e+01
-3.851871401966515407e+01
-3.500659560534171533e+01
-3.752138590210900304e+01
-3.505536807167100477e+01
-3.552265545304390315e+01
-3.551306417518097192e+01
-3.578100689939682155e+01
-3.539676957114985356e+01
-3.847180467491732259e+01
-3.594264321405174201e+01
-3.569872207782778872e+01
-3.670808818704372101e+01
-3.532637618281329850e+01
-3.543751010703110893e+01
-3.509375857246578789e+01
-3.536010177585845327e+01
-3.842661327307981622e+01
-3.546278764797518335e+01
-3.507091653390189379e+01
-3.705115043936704922e+01
-3.513748619679606122e+01
-3.568635044176041049e+01
-3.482680209412345107e+01
-3.513114884583601594e+01
-3.482651286142003499e+01
-3.795421129863013476e+01
-3.485552596691537985e+01
-3.510017200480575639e+01
-3.612148505135575505e+01
-3.583766485433489635e+01
-3.575093947725749643e+01
-4.033456611502079170e+01
-3.754152040932130063e+01
-3.726527477976495106e+01
-3.623308957889766191e+01
-3.768719652382866769e+01
-3.593643991569364715e+01
-4.068912048920132918e+01
-3.550711478349857231e+01
-3.923623710857756919e+01
-3.516314079247035806e+01
-3.577025943718807355e+01
-3.538325235111871336e+01
-3.542598562037086651e+01
-3.533001386900507157e+01
-3.508994690138867867e+01
-3.492180727108962657e+01
-3.621798351413214334e+01
-3.618896248568414364e+01
-3.530878052183319937e+01
-3.904949258204753448e+01
-3.616952909769286606e+01
-3.580592211577014439e+01
-3.638035455120548534e+01
-3.702819587087011399e+01
-3.588007889453555066e+01
-4.322179929608594051e+01
-3.480233640285063501e+01
-3.492035445636891211e+01
-4.166056041920001718e+01
-3.562011848656779733e+01
-3.806704205254505524e+01
-3.919961864549848940e+01
-3.486861151275992654e+01
-3.483594368142344422e+01
-3.501744861544034393e+01
-4.068166813509142798e+01
-3.693267374428107530e+01
-3.613704157113236448e+01
-3.553200907062058889e+01
-4.164079996412874607e+01
-3.844626312619028852e+01
-3.578525686951104490e+01
-3.568198840808768324e+01
-3.494007653199306418e+01
-3.664894957960986233e+01
-3.713928051377506989e+01
-3.526577886462704470e+01
-3.828941394081441274e+01
-3.880925398709390350e+01
-3.607909910484877969e+01
-3.502672060631255846e+01
-3.686207459788860064e+01
-3.497236576153421339e+01
-3.735810839430541108e+01
-3.493762897449131799e+01
-3.676840149388404910e+01
-3.582296643759183752e+01
-3.558106885003168429e+01
-3.493064361539937579e+01
-3.604519781206826678e+01
-3.481919366201451993e+01
-3.493253291770016489e+01
-3.772883861423382257e+01
-4.021066145943488834e+01
-3.689551893148704664e+01
-3.625107471006465687e+01
-3.543537890442247829e+01
-3.575932234824620792e+01
-3.691519376701305077e+01
-3.656896988411516958e+01
-3.837914232803650094e+01
-3.630370678341723334e+01
-3.539411386276144356e+01
-3.666481190003134571e+01
-3.518033822032781899e+01
-3.477977692000751375e+01
-3.631955106030592617e+01
-3.639112309135926182e+01
-3.514771382168576253e+01
-3.534751873668621158e+01
-3.719985536672899684e+01
-3.481746687723461520e+01
-4.063645765182209857e+01
-3.573040505342207496e+01
-3.886500005380612777e+01
-3.970214544730543338e+01
-3.493923834193508782e+01
-3.572251407453818217e+01
-3.478040249232501679e+01
-3.560455353712677606e+01
-3.576026440139573026e+01
-3.571945809584220655e+01
-3.703169923321130597e+01
-3.549328133593611767e+01
-3.544675451571386304e+01
-3.614149032085260416e+01
-3.490065309193413157e+01
-3.741157298826303901e+01
-3.522347447320315439e+01
-4.230734769050776833e+01
-3.604587158568762817e+01
-3.966126759679636393e+01
-3.494179980090022042e+01
-3.794082277556527316e+01
-3.631120551469857816e+01
-3.477967616132791306e+01
-3.908740023566576838e+01
-3.682416659421488703e+01
-3.533174960680452159e+01
-4.163071822695604851e+01
-3.664420051266218081e+01
-3.478193507949443841e+01
-3.748605448618515368e+01
-3.607315320487054322e+01
-3.610683287676499731e+01
-3.491519926523121597e+01
-3.485044135571682489e+01
-3.636103047668450472e+01
-3.494560295267955752e+01
-3.480811076348750532e+01
-3.701334750396730300e+01
-3.744743789653934840e+01
-3.669510657350416949e+01
-3.740147617983869566e+01
-3.532246153663420074e+01
-3.518960977966462167e+01
-3.784123402700957683e+01
-4.012416942216349725e+01
-3.709567039550056933e+01
-3.592959509467439716e+01
-3.835750368611066108e+01
-3.633692267589594849e+01
-3.631273475245578197e+01
-4.045072830767616523e+01
-3.577789874336870923e+01
-3.849391824126183792e+01
-3.922710433482490089e+01
-3.830591560093717618e+01
-3.816271030779425644e+01
-3.694359756502884551e+01
-4.062702031208497999e+01
-3.606035093112193124e+01
-3.617734535464354906e+01
-3.556889253075908641e+01
-3.716838215258494671e+01
-3.672094816720947108e+01
-3.774423356808042485e+01
-3.879142706158027920e+01
-3.633721143729322023e+01
-3.717355785212824060e+01
-3.614103609992381649e+01
-4.037309494222475337e+01
-3.628461894086477457e+01
-3.875802581477736197e+01
-3.736897080147635108e+01
-3.654817477321454078e+01
-3.516971126410161474e+01
-3.778111259585565307e+01
-3.579200170203905884e+01
-3.767303600911552053e+01
-3.491796777841705079e+01
-3.579902350950481349e+01
-3.501523098465363404e+01
-3.580960604605615316e+01
-3.552973636655244150e+01
-3.551122103082662562e+01
-3.482849231657743871e+01
-3.544009926581550474e+01
-3.812126337955078981e+01
-3.789413313668548966e+01
-3.957744732795929110e+01
-3.559330950393184878e+01
-3.754492053543889085e+01
-3.567011300141545860e+01
-3.500328182726084947e+01
-3.553614752549304256e+01
-3.687579804642319203e+01
-3.480737978093800677e+01
-3.500808329379281503e+01
-3.904236102028369260e+01
-3.546777786687663081e+01
-3.813449138060952492e+01
-3.848011537583300878e+01
-3.704130426042111424e+01
-3.549879597907802520e+01
-3.480448924776025876e+01
-3.707009875836195789e+01
-3.730221748210163923e+01
-3.632207612453946410e+01
-3.601387017047933625e+01
-3.533227862354841875e+01
-3.606553424514758177e+01
-3.679026487472943785e+01
-3.494048368770163648e+01
-3.590018290299163084e+01
-3.479755821252896908e+01
-3.944550929908861292e+01
-3.560555676501422795e+01
-3.558885641515199438e+01
-3.510467253362542550e+01
-3.630411119284169530e+01
-3.854207510312269847e+01
-3.718191253948951669e+01
-3.599961870270676201e+01
-3.774679166007921083e+01
-3.559322193350230634e+01
-3.951164825916926304e+01
-3.829279449403590263e+01
-3.545182473376256382e+01
-3.520860972499188080e+01
-3.586032333418413032e+01
-3.594242017919388843e+01
-3.522930681797798513e+01
-3.479138739789854640e+01
-3.581495592125659044e+01
-3.563314562063685287e+01
-3.759755107222422765e+01
-3.586621788418220547e+01
-3.787426987309819992e+01
-3.511203323913079544e+01
-3.487883447960470562e+01
-3.492263929740040851e+01
-3.478077751450439337e+01
-3.746592076871781529e+01
-3.671704786793321063e+01
-4.441829545098731558e+01
-3.631746986551975453e+01
-3.749762026892115330e+01
-3.478853853740471180e+01
-3.478523504691434454e+01
-3.526080421823780853e+01
-3.511061694980550385e+01
-3.584111861128518228e+01
-3.568979379056899859e+01
-3.672826701414970785e+01
-3.873015988333447979e+01
-3.911683016371549826e+01
-3.939666737540155594e+01
-3.580379639132323888e+01
-3.685112048937388352e+01
-3.659839899420673248e+01
-3.543511589745202883e+01
-3.636145747406997941e+01
-3.690799344389288450e+01
-3.487241143592156334e+01
-3.850034868250497055e+01
-3.709686069496363103e+01
-3.567120968257828650e+01
-3.593355547586601517e+01
-3.675153488717781869e+01
-4.042752901758536410e+01
-3.615873705856154885e+01
-3.667063628559646560e+01
-3.569068710173322501e+01
-4.010763309632061180e+01
-3.681167896988704058e+01
