-3.158892787697222460e+01
-3.143224820508135053e+01
-3.369956937752075987e+01
-3.801391297989633244e+01
-3.135832635753825315e+01
-3.580230883130822406e+01
-2.903561784716099581e+01
-3.321835182340321069e+01
-3.531903489407664409e+01
-2.949629827745079780e+01
-2.912963871092255275e+01
-2.896035539960148597e+01
-2.900748088796764179e+01
-2.983824496699430640e+01
-2.973792069330215071e+01
-3.103218617632830245e+01
-3.033010149422135626e+01
-3.242273761419205869e+01
-3.033741714078561813e+01
-3.160582223465696217e+01
-3.165325726622498337e+01
-3.070648505393406680e+01
-3.525100082118569134e+01
-3.115258452183741156e+01
-2.865596553466501817e+01
-3.230160226170361426e+01
-3.094687274807036914e+01
-3.269781209940639854e+01
-3.099573437858605374e+01
-3.166939930127730918e+01
-3.133622998808078819e+01
-2.921371880800267462e+01
-3.352350748303980055e+01
-2.872018920327158042e+01
-3.504034489670569030e+01
-2.938076021151155004e+01
-3.239630102192127481e+01
-3.010243990200885378e+01
-2.883598933170602052e+01
-3.242001064152553624e+01
-3.397752694577857113e+01
-2.931175076546590574e+01
-3.143243788287825780e+01
-3.852318861706963560e+01
-2.916681153716516661e+01
-3.037858424644905497e+01
-3.174085968331696606e+01
-2.937670454512626250e+01
-3.236049859672071705e+01
-2.890051438088117308e+01
-3.049358812521323969e+01
-3.167519813278778429e+01
-2.963912971624647597e+01
-2.888566795734042358e+01
-3.550816693436309635e+01
-3.080772154486935932e+01
-3.054465058957882917e+01
-3.296712717349676325e+01
-2.880142203457258887e+01
-2.936950523264796331e+01
-3.125105073573283221e+01
-3.023187049292412709e+01
-2.957137784535582981e+01
-2.963088418488095499e+01
-2.917198803178315103e+01
-2.865604057255690051e+01
-3.056192258596017908e+01
-3.142606894344538659e+01
-2.866035446497571115e+01
-3.474915954279324382e+01
-2.866384254554901645e+01
-3.053192022047682741e+01
-3.097364650659374519e+01
-3.501235656767645565e+01
-3.291103196728293767e+01
-3.377443922667457343e+01
-3.002170303965018405e+01
-3.088836894569247349e+01
-2.917806607811164810e+01
-3.024732891266343060e+01
-3.069743710082350319e+01
-3.216091774647235013e+01
-3.013162190618442793e+01
-2.916328898895245203e+01
-2.958694439763981521e+01
-2.893799567676188644e+01
-3.070486897360706990e+01
-3.005972636954950161e+01
-2.968667310015305105e+01
-3.145858749431429402e+01
-2.971794082993873687e+01
-2.940594581469296642e+01
-3.264761064363843701e+01
-2.915004466003799166e+01
-3.024871183809805686e+01
-3.397124104812746737e+01
-2.968582875789537212e+01
-2.905924617027907786e+01
-3.427506295022133997e+01
-3.373615006025879381e+01
