-4.144797221727974090e+01
-3.714451377258795617e+01
-3.795513346695894086e+01
-3.720990736476294103e+01
-3.669625159679112869e+01
-3.689617282903854800e+01
-3.642833742347544046e+01
-3.953834031266326576e+01
-3.729422707542477156e+01
-3.857828769286318504e+01
-3.860826897346307618e+01
-4.011786162758282615e+01
-3.894915578768537046e+01
-3.732617203980522902e+01
-3.779243570165289867e+01
-3.776638798470744973e+01
-3.819433804223636031e+01
-3.752982295448848049e+01
-3.923928921475221898e+01
-3.737730973420983815e+01
-3.912906946566364752e+01
-4.113556078914849934e+01
-4.004913424035332525e+01
-3.670984645908724531e+01
-3.996671002020822527e+01
-3.678472171096748866e+01
-3.700932492244494654e+01
-3.725579088794076199e+01
-3.697112073344146665e+01
-3.715324065630228745e+01
-3.808076205878690246e+01
-3.658986004396817293e+01
-3.643538395523675888e+01
-3.656713997752677159e+01
-3.643470111398697497e+01
-3.790398228254036894e+01
-4.092716328956434779e+01
-4.197551653589741960e+01
-3.883669921192341690e+01
-3.675244527354445978e+01
-3.754359456992322919e+01
-3.669828605755911610e+01
-3.761401115957053776e+01
-3.700152728260242441e+01
-3.697758584106981061e+01
-3.741862370377381808e+01
-4.411505077137497466e+01
-4.470265878770324974e+01
-3.780229649856018170e+01
-3.731451963402577121e+01
-3.800170500899520931e+01
-3.738791366661056514e+01
-3.899344681650995881e+01
-3.654997881833791951e+01
-3.878274789138510670e+01
-3.722048213615393308e+01
-3.672039003795440948e+01
-3.856317659639684337e+01
-3.839282653077890473e+01
-3.999820342028311870e+01
-3.904399713850837372e+01
-3.917960631759503087e+01
-3.924740352011770028e+01
-3.696843097751381890e+01
-3.720526735502887306e+01
-3.709069539691606820e+01
-3.700411464661560501e+01
-3.739832616759845507e+01
-4.048863250256441404e+01
-3.726106259033547730e+01
-3.658191026102020516e+01
-3.644445570603549100e+01
-3.653033098510572074e+01
-3.675619550801373236e+01
-3.669918494045066382e+01
-3.854088571219132575e+01
-3.796775851297290671e+01
-3.824070590545059645e+01
-4.012821321163722388e+01
-3.684012719680637105e+01
-3.882202472475164257e+01
-3.733143934855549873e+01
-3.787784002250378990e+01
-3.678693853832412941e+01
-4.028186364174800360e+01
-3.774668534660514752e+01
-3.726367817517972014e+01
-3.665361222809424646e+01
-3.745993721268372667e+01
-3.910716966029100661e+01
-3.801993744728208924e+01
-3.681107512204327037e+01
-3.720010203329574239e+01
-4.142190403783327213e+01
-3.677265757318525630e+01
-3.705393725377689407e+01
-3.647828968441622521e+01
-3.671040885457919245e+01
-3.945798518251115183e+01
-3.701406797858565767e+01
-3.724476018936903188e+01
-3.696697823123911775e+01
-3.642161294127298277e+01
-3.699936052208114745e+01
-3.918275761068208141e+01
-3.902634963788646871e+01
-3.746009282005955754e+01
-4.097577506667063574e+01
-3.681374855466398088e+01
-3.823206008579104775e+01
-3.907090084245373163e+01
-3.717794435287014920e+01
-3.642619670482180538e+01
-3.726524168732614584e+01
-3.790812896821492473e+01
-3.657165991701097596e+01
-3.661524450581297430e+01
-4.126979021206518183e+01
-4.045963538731648157e+01
-3.810429587257699779e+01
-3.667479410495595005e+01
-4.090077808898170275e+01
-3.999412012326263266e+01
-3.914464174357667048e+01
-3.915580966491821613e+01
-3.738445977453225311e+01
-3.833336840573007720e+01
-4.118200731695186789e+01
-3.649693249590939814e+01
-3.855672738485770878e+01
-3.645425000154671125e+01
-3.824055350154258548e+01
-3.696590496843077034e+01
-3.662565553223556236e+01
-3.912884070476044229e+01
-3.835877667606597896e+01
-3.649098965108370152e+01
-4.009437304739628161e+01
-3.846354273896246667e+01
-3.676952035313701828e+01
-3.735585613843385033e+01
-3.798125259189973235e+01
-3.804743798321894843e+01
-3.748379222736420502e+01
-3.854245449756771080e+01
-3.831649155680936758e+01
-3.796055414042435672e+01
-3.893465540057501784e+01
-4.034107848162314980e+01
-3.669050596287069510e+01
-3.842324990790895356e+01
-3.694952414945076669e+01
-3.648397007202531483e+01
-4.226404197800350460e+01
-3.649216230385032134e+01
-3.753301457230155336e+01
-3.685348442896305698e+01
-3.844186589184734260e+01
-3.655567519680286637e+01
-3.701451607328236548e+01
-3.717318620998056389e+01
-4.135790787212435760e+01
-3.690414031500898773e+01
-3.772268768171609565e+01
-3.910155735681293265e+01
-3.699594453757797652e+01
-4.111007534210956749e+01
-3.982525881832766146e+01
-3.826413893863770710e+01
-4.050065849362027137e+01
-3.673403764585408737e+01
-3.651425344394209560e+01
-3.671153955408671266e+01
-3.824576169147395177e+01
-3.663455908718882625e+01
-3.658102758674461086e+01
-3.920375513069517837e+01
-3.825081852839483076e+01
-3.799198120378992627e+01
-3.698744481940962459e+01
-3.669337917924413262e+01
-3.712451913106282575e+01
-3.661128835496506895e+01
-3.904388286053411150e+01
-3.764397888842334794e+01
-3.845812923397367911e+01
-3.748545343194776791e+01
-3.664064171845036810e+01
-4.459269282171185012e+01
-3.850327754306377415e+01
-3.838979903841433838e+01
-3.661883686515662362e+01
-3.806252275133165597e+01
-4.147024867486815936e+01
-3.781656222145839763e+01
-4.215231204818188360e+01
-3.727216430329299612e+01
-3.852842797419543075e+01
-3.994987178433173369e+01
-4.056121566277465007e+01
-3.653538289001446060e+01
-3.736386499733609412e+01
-3.677352709232410177e+01
-3.880803253126873642e+01
-3.980548544511793807e+01
-3.831859569408928934e+01
-3.652610348316860467e+01
-3.802292798108898353e+01
-4.064913526537249311e+01
-4.141186741595515031e+01
-3.740731315191572293e+01
-3.694479327293741733e+01
-3.842664369654616507e+01
-3.641964847812218409e+01
-3.743227031622516421e+01
-3.722617837116398221e+01
-3.800401488935933969e+01
-3.682473978684569005e+01
-4.003863740213863309e+01
-4.093347613497873994e+01
-3.959907158631903457e+01
-3.762682702587868278e+01
-3.874614940969121335e+01
-4.309875230770918364e+01
-3.672843603268017887e+01
-3.692813288328339638e+01
-3.835790774062910913e+01
-3.687133640420414338e+01
-3.726611970738015600e+01
-4.105787158469105691e+01
-3.833143442275594737e+01
-3.796546038437351456e+01
-3.680815888731991947e+01
-3.926162771390551143e+01
-3.904213495729632655e+01
-3.805427114561589264e+01
-4.044295403672565214e+01
-3.815843958074915321e+01
-4.164808756251895971e+01
-3.936619436404287597e+01
-3.641063991739240180e+01
-3.693991353597645855e+01
-3.669198812558336442e+01
-3.886155690867005319e+01
-3.720185842274382537e+01
-3.741839700690325543e+01
-4.012154928703135681e+01
-3.799483767108004884e+01
-3.644982276670341292e+01
-3.826207086660429724e+01
-3.787594558174837545e+01
-3.661531341420235464e+01
-3.912134657548893557e+01
-3.673635221948986640e+01
-3.748205405948683477e+01
-3.741505977292483465e+01
-3.957215942850098855e+01
-4.304626904067001902e+01
-3.728883804294436288e+01
-3.957726999410407132e+01
-3.920824022370666739e+01
-3.774178902377066436e+01
-3.979443590449801604e+01
-3.704803264521579109e+01
-3.999056735647953786e+01
-4.178001444100108586e+01
-3.753025993845315611e+01
-3.786639886042252101e+01
-4.144820785433815757e+01
-3.884517405124060474e+01
-3.961793965426434738e+01
-3.724508225255786442e+01
-3.643862691643173690e+01
-3.736013267785655501e+01
-3.941240246241019918e+01
-3.665196044349367810e+01
-3.694883268884566263e+01
-4.158145717759352067e+01
-3.730288839177384830e+01
-3.746326323145818549e+01
-4.210394179073320231e+01
-3.844768801202111774e+01
-3.695521491186809016e+01
-3.948329990217942509e+01
-3.689529284271017673e+01
-3.732460936423527897e+01
-3.865148176592483509e+01
-4.275552953413188106e+01
-3.709862698847315698e+01
-3.732412144370179874e+01
-3.699999350175931312e+01
-3.775285559496681742e+01
-3.958627651648177448e+01
-3.696463659511415756e+01
-3.686721770952589594e+01
-3.667721336006587762e+01
-3.808043399963769815e+01
-3.678135254880230320e+01
-3.804193853988100216e+01
-3.717201663064466999e+01
-3.794206448925100972e+01
-3.664510363868422615e+01
-3.727049307630668551e+01
-3.646333783278332419e+01
-3.840568799724395888e+01
-3.699063792736362899e+01
-3.834167791176248841e+01
-3.760824388023026899e+01
-3.959961409325238435e+01
-3.930169943107297570e+01
-3.991257172177476775e+01
-3.806431519611703607e+01
-4.074056556776031357e+01
-3.866206130961496257e+01
-3.986564493641238016e+01
-3.680187073852215462e+01
-3.778545543307888011e+01
-3.759056335958175765e+01
-3.812826666751585947e+01
-3.891526388539319470e+01
-3.781027765671159813e+01
-3.697575339472797396e+01
-3.964190067053302613e+01
-3.669497610350723704e+01
-3.751307006498076646e+01
-3.943233188094680486e+01
-3.859593356208024773e+01
-3.880943705589601223e+01
-3.759940221067029853e+01
-3.936860707486307120e+01
-3.761839853344842055e+01
-3.756090647002370275e+01
-3.640770534505313805e+01
-3.933806889557897790e+01
-3.734819517943431322e+01
-3.730783909874119786e+01
-4.059358367935949019e+01
-3.702059368090583291e+01
-3.664027869662898240e+01
-3.662962940676823820e+01
-3.904663712836850920e+01
-3.783636201443052016e+01
-3.651537526066199035e+01
-3.675013652474869730e+01
-4.014291232429566492e+01
-4.348836224426600694e+01
-3.658529694133718380e+01
-3.714032261283469438e+01
-4.059462428766529740e+01
-4.051677384564947459e+01
-3.663793489548763915e+01
-3.776443088623411626e+01
-3.885550162461979085e+01
-3.725775449481729140e+01
-4.107469840145158457e+01
-3.692038630286582901e+01
-3.665055653700106575e+01
-3.677966519979518978e+01
-3.829254940733393653e+01
-3.736598107949110670e+01
-3.686042631023341443e+01
-3.775285430777908857e+01
-3.724832576288370944e+01
-3.972541392174129982e+01
-3.860388737623794952e+01
-3.966475791371983206e+01
-4.039634843866658542e+01
-3.802251199510290292e+01
-3.724198036152302649e+01
-3.760018789265298267e+01
-3.906064773761436726e+01
-4.171886180573837066e+01
-3.893823949609546275e+01
-3.684002291781735039e+01
-3.746177049092143108e+01
-3.806657037534719024e+01
-3.718196902156901729e+01
-3.900169785631820929e+01
-3.716441124128032669e+01
-3.948592771974334426e+01
-3.644652243908157629e+01
-3.648778821361025138e+01
-3.864869406123357720e+01
-3.718208755306324065e+01
-4.089641546446794251e+01
-3.691786712219685285e+01
-3.716412030151209223e+01
-3.670661139874555801e+01
-3.697323184637731686e+01
-3.791118861620342528e+01
-3.798822333180201838e+01
-4.233768518414442639e+01
-3.873313743889002581e+01
-3.860916803927042196e+01
-3.652669711576438516e+01
-3.700471021995769405e+01
-3.719655919531705734e+01
-3.795600554761242762e+01
-3.651537718992749149e+01
-3.860593750960830306e+01
-3.655245320976100487e+01
-4.071316826054411564e+01
-3.795976990735279344e+01
-3.712452170213157387e+01
-4.012103345750415428e+01
-3.702012604710240140e+01
-3.700612726942983244e+01
-4.482877186006484749e+01
-3.681962438176536523e+01
-3.660441101114967921e+01
-3.718919217781906639e+01
-3.687795815607020700e+01
-3.852090148742423281e+01
-3.669717444876415158e+01
-3.830059473485329846e+01
-3.756805670425259081e+01
-3.720702547112355063e+01
-3.736962233408188183e+01
-3.777074254922507635e+01
-3.736173732215190313e+01
-4.022612194289796150e+01
-3.685754760383979800e+01
-4.024257502338240045e+01
-3.999651080977365325e+01
-3.658572194589317661e+01
-3.724935833655830919e+01
-3.899346897131921708e+01
-3.702531991965249603e+01
-3.685934475235798402e+01
-3.680527916630916252e+01
-3.796903962700322666e+01
-3.692023078617427956e+01
-3.756340785702602858e+01
-3.967417736214461144e+01
-3.693137769179391938e+01
-3.858131256082033644e+01
-3.871056596766360514e+01
-3.767046571196426186e+01
-3.680450471124238732e+01
-4.063499714492532888e+01
-3.945339870773274527e+01
-3.746713091624086189e+01
-3.692725178268754860e+01
-3.965586297386602155e+01
-3.653017483299671397e+01
-3.814061111252482306e+01
-3.852602093589813137e+01
-3.758634623312185141e+01
-3.957191048410081891e+01
-3.792747798127556536e+01
-4.011294294878175748e+01
-3.675081039183118747e+01
-3.717515710947623830e+01
-3.662355877597816090e+01
-3.809147672764948567e+01
-3.858580162809511194e+01
-3.650782703839625754e+01
-3.665862242828077200e+01
-3.695403706407934408e+01
-3.654452109141156768e+01
-3.651979527381568857e+01
-3.651407143684964041e+01
-3.850852382210128155e+01
-3.761742047291909330e+01
-3.776700240883316440e+01
-3.758401423113036088e+01
-3.923339784031987421e+01
-3.734900811981350444e+01
-3.791231027723711833e+01
-3.859197039194158663e+01
-3.655213893695934502e+01
-3.726006998781078750e+01
-3.701001073478539638e+01
-4.020584436566345943e+01
-3.681044009714760534e+01
-3.711038626808451824e+01
-3.715327367214588605e+01
-3.721218780650124813e+01
-3.660140320018243187e+01
-3.842625925248741225e+01
-3.687747652978048052e+01
-3.914642248208829045e+01
-3.786144021367601908e+01
-4.072145470818515633e+01
-3.821363634393939179e+01
-3.922908710802370535e+01
-3.662309139531942037e+01
-3.833843201726644168e+01
-3.676218670529831201e+01
-4.030748225533196205e+01
-3.687235107221788866e+01
-3.655445685324088601e+01
-3.973889649730723761e+01
-3.724703915579299718e+01
-4.070591644877078608e+01
-3.913570423730662640e+01
-3.825007325031883454e+01
-3.796177523255359176e+01
-3.713820585411222908e+01
-3.769904925763098902e+01
-3.975059468666616880e+01
-3.970545436916100357e+01
-3.659276591264102052e+01
-3.695521093302150462e+01
-3.814810528991202432e+01
-3.707239370765515929e+01
-3.767479742289894062e+01
-3.643790987231643186e+01
-3.761216690654061523e+01
-3.644820110866902496e+01
-3.759231960865828626e+01
-3.642572337859265730e+01
-3.717589063043503472e+01
-3.911559590826849586e+01
-3.912715610603591188e+01
-3.973607572691496159e+01
-3.703035360567486123e+01
-3.715804637677856448e+01
-3.915518005620170783e+01
-3.643119981413147457e+01
-3.791646065545857880e+01
-4.053482789271483000e+01
-3.783225884150282781e+01
-3.738725733620073299e+01
-3.837863848587217319e+01
-3.806301060563246352e+01
-4.608527598896973387e+01
-3.932802752427801352e+01
-3.781963507395072810e+01
-4.025486645821770537e+01
-3.944212904842580514e+01
-3.774370463927341746e+01
-3.854659138037295207e+01
-3.733298526125408046e+01
-3.687276145016201667e+01
-3.704080404110067093e+01
-3.685580544151525828e+01
-3.654931608840862367e+01
-3.897621804702055215e+01
-3.659982571282112218e+01
-3.931010091455242872e+01
-3.722542410036784588e+01
-3.849707038719106578e+01
-3.668257196503965645e+01
-4.226249399240724358e+01
-3.676063239635200830e+01
-3.711872711357096222e+01
-4.321611963034033010e+01
-3.997142076013683010e+01
-4.213789913653204167e+01
-3.734558275790518422e+01
-3.876087563241175360e+01
-3.882602415990165667e+01
-3.652407036099597804e+01
-3.849634760642491216e+01
-3.652636430496677633e+01
-4.126332254884771089e+01
-3.694953796388601575e+01
-3.881149256534472158e+01
-3.644697620115950087e+01
-4.555419853503715899e+01
-3.684318432102859475e+01
-4.025987070706691640e+01
-3.663634611018709819e+01
-3.680289123599228418e+01
-4.034162657588716172e+01
-3.644622636876013644e+01
-3.712385232031516580e+01
-3.643468487557355218e+01
-3.808950477763163178e+01
-3.736468718494440111e+01
-3.723188904784617392e+01
-3.730743523953561436e+01
-3.646632062665240426e+01
-4.113555810392684720e+01
-3.703608603456884651e+01
-3.683611133379093872e+01
-3.801746212509839040e+01
-3.749644056580427787e+01
-3.820960845350578694e+01
-3.751804926254935424e+01
-3.983551730249384093e+01
-3.750100488706441126e+01
-3.814615983671350818e+01
-3.765841090793401946e+01
-3.980565734518756926e+01
-3.917480035597419885e+01
-3.898410900184028804e+01
-3.684145677283596854e+01
-3.777410108339042694e+01
-4.049585743311958907e+01
-3.699279480582799096e+01
-3.744378810208129238e+01
-3.790812633758157801e+01
-3.716789328355638844e+01
-3.750965967265801027e+01
-3.683130232987157626e+01
-3.938022143163598088e+01
-3.751178679761384416e+01
-3.756527236597916897e+01
-4.044613668266411111e+01
-3.692600662462761818e+01
-3.752111389790681528e+01
-4.114059955951397285e+01
-3.665785358034018770e+01
-3.739209798503368631e+01
-3.680440120464514564e+01
-3.676260012484929973e+01
-3.700738268044327128e+01
-3.688675772543042797e+01
-3.898332509740046703e+01
-3.930294597082241381e+01
-3.694098231247156860e+01
-3.714689033912335248e+01
-3.820843634406437417e+01
-3.732845551188406574e+01
-3.775745068381299063e+01
-3.778982970387882290e+01
-3.658121540744958367e+01
-3.681082883919519588e+01
-3.879559847048549415e+01
-3.671562649162965641e+01
-3.947631084766847209e+01
-3.784145453421085392e+01
-4.149222347978119529e+01
-3.765799131572440928e+01
-3.757457183012717650e+01
-3.734489516498389605e+01
-3.755519034631350195e+01
-3.769874515994347064e+01
-3.724294791001086935e+01
-3.680092758935804653e+01
-3.702730755154586717e+01
-3.877870925438359961e+01
-4.265441497117173242e+01
-3.942507886577302401e+01
-3.648642570893028392e+01
-3.684742020021599274e+01
-3.778190376527197003e+01
-3.674322253275026640e+01
-3.700013111975919600e+01
-3.694599834423099338e+01
-3.863979779073783050e+01
-3.794289348791092920e+01
-3.815217002513406896e+01
-3.999624882742602949e+01
-3.728332651228893724e+01
-3.904541103922618817e+01
-3.766832670752142320e+01
-3.727427432647461103e+01
-4.124529537670571955e+01
-3.815849545720208624e+01
-3.841055717324218932e+01
-3.836086040243061035e+01
-3.682127857696859508e+01
-3.890432351998749994e+01
-3.703175775121919600e+01
-3.711625814571631565e+01
-3.801290084011796466e+01
-3.672008060510471239e+01
-3.802960623642150040e+01
-3.708419076621697741e+01
-3.731607977461131043e+01
-3.756441053058603075e+01
-3.787859562189740359e+01
-3.666331089847265190e+01
-3.751924301267216322e+01
-3.763487766115196820e+01
-3.919455575290011495e+01
-3.860193653599614549e+01
-3.911698104325888892e+01
-3.823888800008403877e+01
-3.971266062998815016e+01
-3.689764613302938301e+01
-3.925107665855625783e+01
-3.836410377730432231e+01
-3.762100808654061268e+01
-3.867756396341685843e+01
-3.646160117315879035e+01
-3.764137986155598981e+01
-3.760936264170531729e+01
-3.670941336972086333e+01
-4.060701141747092180e+01
-4.075362927654288825e+01
-3.673780576901111061e+01
-3.655247434866964795e+01
-3.708877611089074833e+01
-3.876803421502369673e+01
-3.731526525117649840e+01
-3.746603079502420286e+01
-4.216716441657180070e+01
-3.644401214660975086e+01
-3.926592999529263039e+01
-3.802557366408336037e+01
-3.837700793122681375e+01
-3.679811387354238406e+01
-3.918035893564534433e+01
-3.643850499316896219e+01
-3.852042614538954979e+01
-3.793136087654152533e+01
-3.658398611258358102e+01
-3.657355888089234242e+01
-3.642105226156122910e+01
-3.836936748588105672e+01
-3.905340652115379640e+01
-3.728798577518768553e+01
-3.744486234485187026e+01
-3.854668544091293114e+01
-4.391135071918007782e+01
-3.841982427558365032e+01
-3.738275244946694187e+01
-3.707618946736163679e+01
-3.703346108643347634e+01
-3.824684166298918342e+01
-3.786760923400331791e+01
-3.763834659780003733e+01
-3.733169711768663035e+01
-3.709679088820550419e+01
-3.770656610540834208e+01
-3.753073385140021401e+01
-4.095698995648476881e+01
-3.743371516619556871e+01
-3.823064765140154719e+01
-4.003978922289486064e+01
-3.689339457097112529e+01
-4.005334837102030576e+01
-3.751589062578055689e+01
-3.798451257089988076e+01
-4.282572223769780351e+01
-3.750100809504362331e+01
-3.666230824471222149e+01
-3.972386299531660825e+01
-3.659886261523517703e+01
-3.727339187166779766e+01
-3.865876991025818654e+01
-3.931585409579729884e+01
-4.036693030044914821e+01
-3.765253938806228007e+01
-3.759237171049135640e+01
-4.241966891364098302e+01
-3.661828900392453079e+01
-3.862881677148964599e+01
-3.826550820839123901e+01
-3.688727155058290208e+01
-3.719160017286923647e+01
-3.747212407127576483e+01
-3.673275655341545587e+01
-3.710203780371136162e+01
-3.795230634216586907e+01
-3.664438915228097926e+01
-3.646336873895961617e+01
-3.790759976709760082e+01
-4.032886590156221018e+01
-4.068442690096554060e+01
-3.856802803393441792e+01
-4.522394346650276020e+01
-4.125140041954690417e+01
-3.974461334432861292e+01
-3.820695471976581103e+01
-3.705392564375144815e+01
-3.703199451145830778e+01
-4.449114103268970410e+01
-3.676606310965456714e+01
-3.748201407442927291e+01
-3.657488172317326303e+01
-3.708173233652942002e+01
-3.659103558924818600e+01
-3.655034913969377897e+01
-3.901589220010433934e+01
-3.776252642778527502e+01
-3.661013934628605426e+01
-3.818905320065217524e+01
-3.766427456981426047e+01
-3.698131505316358414e+01
-3.884461543323653387e+01
-3.675972750031936442e+01
-3.929321632351743432e+01
-3.691081479708866908e+01
-3.858393910262212501e+01
-3.773155670745663315e+01
-3.768120419879615213e+01
-4.027335314056382742e+01
-3.669435771355292530e+01
-3.668743897342071847e+01
-3.787253955432545638e+01
-3.693772673510595439e+01
-4.119320045355323145e+01
-3.677772385564340141e+01
-3.651937893215114883e+01
-3.836945913919613815e+01
-3.699642785894074848e+01
-3.962394094818098722e+01
-3.939590892689285795e+01
-3.758153225283512455e+01
-3.880107258775316836e+01
-3.680763777769130485e+01
-3.813815491002748814e+01
-3.748844610405480182e+01
-4.253976600906093353e+01
-3.688790141040497872e+01
-3.857132429452134659e+01
-3.753215745288702010e+01
-3.765034281401042904e+01
-3.679221966891253004e+01
-3.775101836420513735e+01
-4.029239166825378504e+01
-3.660014641784489697e+01
-4.212597282359185158e+01
-3.704229571408253463e+01
-3.866434118959856647e+01
-3.854833168780210428e+01
-3.674845188287668662e+01
-3.669613119532878187e+01
-4.027471680183184333e+01
-3.746407118061786434e+01
-3.816782616423196117e+01
-3.643858872168478058e+01
-3.657237190553212258e+01
-3.680439054307639424e+01
-3.877242193603841258e+01
-3.707400241091380622e+01
-3.739885974868623464e+01
-3.715231118784549835e+01
-3.836308153998366777e+01
-3.814363653296585710e+01
-4.294892629964893871e+01
-3.821761583279291585e+01
-3.788643852267372836e+01
-3.884121781331133150e+01
-3.794163751485624658e+01
-4.009814514102653504e+01
-3.646172000742966901e+01
-3.835943542692960762e+01
-3.711828247409368231e+01
-3.684437223979627873e+01
-3.915230696055645154e+01
-3.651290219363254153e+01
-3.757412739472169250e+01
-3.659245164321538368e+01
-3.791019591069932915e+01
-3.654686560503355253e+01
-3.759137245454588339e+01
-3.728121377908811951e+01
-4.610388617889826435e+01
-3.746194295472254510e+01
-3.674757781299065584e+01
-3.882518561293092318e+01
-3.775995157284939552e+01
-3.846238754128909676e+01
-3.647620208848888979e+01
-3.713166533885057419e+01
-3.792970714569504054e+01
-3.684049929131076340e+01
-4.168971022601702003e+01
-3.709025895095057024e+01
-3.770754810043862193e+01
-3.677735017684911156e+01
-3.780275450212070609e+01
-3.748688789978447744e+01
-3.649983885359759483e+01
-3.654602747769796167e+01
-3.693786948319622354e+01
-3.649561694910838838e+01
-3.756206155919422685e+01
-3.658133804892510454e+01
-3.880028749511131281e+01
-3.698096056527121789e+01
-3.770921685102364052e+01
-3.784110271680238213e+01
-3.804070016611323979e+01
-3.924204956982255510e+01
-3.661572671118845079e+01
-3.941804638470114241e+01
-3.701558097561495941e+01
-3.782054342020566651e+01
-4.059153999742269292e+01
-3.970839752375481169e+01
-3.709221477974197967e+01
-3.746230523303653115e+01
-3.781389186405319691e+01
-3.664428901690842366e+01
-3.806525328140698150e+01
-3.800379914435644935e+01
-4.289016343904413020e+01
-3.833837672575050703e+01
-3.904289456936622571e+01
-3.986786068161781316e+01
-3.858672198583789026e+01
-3.684009295800311179e+01
-3.694522280829801275e+01
-3.650274694361491612e+01
-3.840867132967184006e+01
-3.708613178180219450e+01
-3.914259343974548244e+01
-3.646291432061378401e+01
-3.701049819603517221e+01
-3.726349280411550779e+01
-3.688431074155816702e+01
-4.162147693184441266e+01
-3.665911669229275560e+01
-3.835921500090110214e+01
-3.664644133589654729e+01
-4.065621184849509007e+01
-3.771035170659764191e+01
-4.026254970895884355e+01
-3.905832063851643454e+01
-3.654542048118402420e+01
-3.975822517886260954e+01
-4.129178375276546120e+01
-3.943057938382654726e+01
-3.960354386863610898e+01
-4.325612189442967548e+01
-3.896025572282918858e+01
-4.111864752718555849e+01
-3.644601514541072618e+01
-3.793171013789769574e+01
-4.067035017858844270e+01
-3.810096784306960416e+01
-3.714033661723935609e+01
-4.095369178804491384e+01
-3.662945720545896222e+01
-3.681396729323600425e+01
-3.687584648105962515e+01
-3.865610406651579467e+01
-3.714942824708388969e+01
-3.931151968344951797e+01
-3.682340956214535765e+01
-3.726839421790221962e+01
-3.646703877637533253e+01
-3.848675689585017778e+01
-3.767646586221266602e+01
-3.662952484492555527e+01
-3.654187492332700771e+01
-3.705167778614774932e+01
-3.728490727703432128e+01
-3.663344369814997492e+01
-3.870917056219397523e+01
-3.712977157345498824e+01
-3.676231311765070586e+01
-3.912378480273073222e+01
-3.919888058040746159e+01
-3.789130044971012978e+01
-3.672237121919579295e+01
-3.983328992070265429e+01
-3.770104998992070477e+01
-3.861167256702877637e+01
-4.232523561752705632e+01
-3.863347887178613860e+01
-3.772869694679764763e+01
-3.890737261722797058e+01
-3.694967304811031283e+01
-3.935863974004793420e+01
-3.863365678956616023e+01
-3.790085023035698697e+01
-4.118038455257514840e+01
-3.739416014173253444e+01
-3.941004930291791197e+01
-3.915026006642044365e+01
-3.700722763642693280e+01
-3.819552422615543463e+01
-3.663976573894692024e+01
-3.711395243347637063e+01
-3.698352624834718938e+01
-3.675765265204900345e+01
-3.761913015721806630e+01
-3.863368703267290982e+01
-3.746099516625773163e+01
-3.764504605687643135e+01
-3.902508077116054608e+01
-4.289132668167476226e+01
-3.743862433289262270e+01
-3.737788161559622324e+01
-3.793964676138710246e+01
-3.786338872096997221e+01
-3.925723568122988638e+01
-3.676808509625135457e+01
-3.683194869617047118e+01
-3.679148738038723820e+01
-4.030198926263090442e+01
-3.716428952872960423e+01
-4.011394008512989018e+01
-3.740003803944900085e+01
-3.782505931409558997e+01
-3.654324586672404962e+01
-3.837725868623638803e+01
-3.749269160738793261e+01
-3.725633032917341581e+01
-3.759986301100296657e+01
-3.836490961584816972e+01
-3.649616604199361092e+01
-3.792988618102167209e+01
-3.862827366673791829e+01
-3.757766134016889481e+01
-3.702972670594180471e+01
-3.660922177523976018e+01
-3.910629033921139808e+01
-3.801092063272361798e+01
-3.775884154417798300e+01
-3.689268639026683161e+01
-3.789464521626503313e+01
-3.704402172940246629e+01
-3.722833522836756259e+01
-3.773350572485522036e+01
-3.668278810517867328e+01
-3.663227365286349624e+01
-3.650621809958771991e+01
-4.051795750217064551e+01
-3.828144429204678545e+01
-3.669095391158663944e+01
-3.668025075078435293e+01
-3.644062703350807908e+01
-3.689351593545668351e+01
-4.061770118532736973e+01
-3.670253642830320473e+01
-3.788669407417089019e+01
-3.737700152349386684e+01
-3.731927830998338180e+01
-3.991987290730894955e+01
-4.392921892362578262e+01
-3.717251475260457738e+01
-3.818487573854019956e+01
-3.657476680645920908e+01
-3.915742463883138669e+01
-3.715626447131610632e+01
-3.641425873249848166e+01
-3.797483606455973870e+01
-3.747472301459378485e+01
-3.847211865964310817e+01
-3.836801905521333822e+01
-3.846226315350396163e+01
-3.646449729088680414e+01
-3.871364183815440185e+01
-3.707104462200531003e+01
-3.651854032827520058e+01
-3.650259372217512066e+01
-3.930050420450901072e+01
-4.008228622967698129e+01
-3.945093602378562281e+01
-3.878465139717490473e+01
-3.645879039703791591e+01
-3.804348354637841823e+01
-4.329000435395097668e+01
-3.682022115530360651e+01
-3.846695094053684727e+01
-3.974926085890150773e+01
-3.696923073039623375e+01
-3.720103086618500754e+01
-3.669690978246953961e+01
-3.827994910176327892e+01
-3.670675492696074826e+01
-3.972492743968815887e+01
-3.726694437098640122e+01
-4.134963039196527745e+01
-3.666622356226231716e+01
-3.788051012766997871e+01
-3.982088393993367959e+01
-3.942138460863592542e+01
-3.865126883664776614e+01
-3.755914081355484768e+01
-3.722667001018297839e+01
-3.718497321388016985e+01
-3.939622015348010819e+01
-3.906853205502849136e+01
-3.730178281623454239e+01
-3.739756706731453306e+01
-3.743044858514160467e+01
-3.657042567084785389e+01
-3.645930366252159160e+01
-3.795969805891473214e+01
-3.809904257654578430e+01
-3.765980258677573289e+01
-4.452155228502044793e+01
-3.654472631330806109e+01
-3.675673564600346310e+01
-3.803516937293292699e+01
-3.686621052805859478e+01
-3.816958838879293126e+01
-3.726486816812096947e+01
-3.826525175413988933e+01
-3.699179170488554291e+01
-4.047425933584623436e+01
-3.814240789510910190e+01
-3.658535541766584487e+01
-3.677569961331132475e+01
-3.790599977133324217e+01
-3.665001541560788922e+01
-3.877257448275788931e+01
-3.687370105119978092e+01
-3.645385793623893989e+01
-3.830983059627291709e+01
-3.661366884204046812e+01
-3.712827279646582923e+01
-3.644074967319377123e+01
-3.770149420335214785e+01
-3.856628401864033151e+01
-3.691715506158696058e+01
-3.706354451635670699e+01
-3.784714077647434038e+01
-3.796419250179007321e+01
-3.661639564285298576e+01
-3.807535175490871637e+01
-4.264100117596207440e+01
-3.665294565236172275e+01
-3.724611296843899311e+01
-3.866938032088437893e+01
-3.656165191828098671e+01
-4.020557006646643572e+01
-3.790153156773102694e+01
-3.876325874541644367e+01
-4.030917593283328415e+01
-3.723307184964482985e+01
-3.996639123982983222e+01
-3.724820574343323187e+01
-4.334681974522008119e+01
-3.996272287007401758e+01
-3.738341245098470011e+01
-3.664505492176810719e+01
-3.730214895095842564e+01
-3.822357889619261329e+01
-4.640640340781003204e+01
-3.743924980366647048e+01
-3.666723925130644091e+01
-3.719768505935282121e+01
-3.893323147897997671e+01
-3.682888147181385818e+01
-3.780317371624951051e+01
-3.966719762665146476e+01
-3.731645164647012791e+01
-3.838702040478672473e+01
-3.695854442258122674e+01
-3.684067457336404061e+01
-4.079289101240534876e+01
-3.664939119502305687e+01
-3.777396219879476291e+01
-3.726370410787227172e+01
-3.740050927761033961e+01
-3.823448972053451200e+01
-3.829053385471463145e+01
-3.983393664967596948e+01
-3.704864954098398044e+01
-3.692006297973993156e+01
-3.696923973271851338e+01
-3.839461731834825997e+01
-3.886080864036436111e+01
-3.907873289465892697e+01
-3.713890957680738580e+01
-3.812869276923525774e+01
-3.661345044410371941e+01
-3.659510818210593186e+01
-4.056983312866123725e+01
-3.685533046607555718e+01
-3.666541648955270460e+01
-3.662198109461775886e+01
-3.905682144099279895e+01
-3.991481773888452267e+01
-3.767626537414551535e+01
-4.601837716873105677e+01
-3.728398541275794287e+01
-3.853862880030892768e+01
-3.674505661673184420e+01
-3.747727471355064210e+01
-3.812493412678254856e+01
-3.778487790467633545e+01
-4.282263836755904407e+01
-4.027985396093363590e+01
-3.678127526690722249e+01
-3.683740707135410020e+01
-3.751596781049788376e+01
-3.924642559569520017e+01
-3.767430773913407194e+01
-3.728758469548365184e+01
-3.723037359411698333e+01
-3.702859689060994697e+01
-3.766676895943957248e+01
-3.649855132767878274e+01
-3.889284801851660944e+01
-3.735479988316053834e+01
-3.846711607364697727e+01
-3.737671832662308447e+01
-3.718900311708268447e+01
-3.930515984671659879e+01
-3.735810476017247339e+01
-3.799963538284175968e+01
-3.767064331862340509e+01
-3.653880233822532375e+01
-3.645679773586573447e+01
-3.832605925874246111e+01
-3.718106165091931814e+01
-3.742184598249914984e+01
-3.814167342008976647e+01
-3.749498551142583125e+01
-3.957855969389523665e+01
-3.692478654468764887e+01
-4.064444168742674890e+01
-3.642265659172419134e+01
-3.681712142551395317e+01
-3.699640858780067987e+01
-3.794880984530797718e+01
-3.703309371284917972e+01
-3.929816665942634302e+01
-3.653148668329912141e+01
-3.826143240183967009e+01
-3.652072497196498091e+01
-3.785249927931523217e+01
-4.105434843889985075e+01
-3.919022467895207740e+01
-3.785064651227588683e+01
-3.789310495183280381e+01
-3.671461041172748452e+01
-3.656022843507127362e+01
-3.996930468986184337e+01
-3.776853024459856556e+01
-3.699219320238783837e+01
-3.941899788468291632e+01
-3.828028578486470934e+01
-4.405925134152938938e+01
-3.794062842697306337e+01
-3.827463725218662205e+01
-4.041070797124952207e+01
-3.640997698580841302e+01
-3.701382502625173032e+01
-3.748404164711969599e+01
-3.711340400799227979e+01
-3.848106926872576139e+01
-3.874445227251437984e+01
-3.727442872179533140e+01
-3.775188843482796131e+01
-3.652772467311367421e+01
-4.370190949294238436e+01
-3.643921002974542489e+01
-3.766530025660319581e+01
-3.986007894753210223e+01
-3.880822111811352215e+01
-3.991609937087736171e+01
-4.234349804824107366e+01
-3.644737408762254915e+01
-3.691416008897178358e+01
-3.765349686063878210e+01
-4.175136565878902672e+01
-3.705538527770106327e+01
-3.641657805412494753e+01
-3.825242253297768968e+01
-3.663612251911909823e+01
-3.767524757490824783e+01
-3.785394656235222044e+01
-3.692104828168868380e+01
-4.047131535973379357e+01
-3.802312442335270504e+01
-3.718101811060210338e+01
-3.904199410711888873e+01
-3.899107922116215263e+01
-3.690414338414358042e+01
-3.796144338018435604e+01
-3.942009346050463137e+01
-3.894022304306754734e+01
-4.139739235215623125e+01
-3.722781769375814775e+01
-3.829568364755602516e+01
-3.942968671003109193e+01
-3.861960126412490979e+01
-3.949175832619100390e+01
-3.760186024667653726e+01
-3.807728925427356614e+01
-3.649957813340613910e+01
-3.705911126707302827e+01
-3.799766753221875604e+01
-3.885639502023732916e+01
-3.694254923801145196e+01
-4.263741304736758764e+01
-3.732651232030768540e+01
-3.759988480800002009e+01
-3.947572803758301063e+01
-3.960059141268849459e+01
-3.820750003963038210e+01
-3.809117455831285781e+01
-4.026070272730611777e+01
-3.654663515778979388e+01
-3.897562222747039584e+01
-3.687197516552483734e+01
-4.021972356375401603e+01
-3.833896845879918658e+01
-3.649714249136918909e+01
-3.903161813984328887e+01
-3.995640090977379089e+01
-3.854968140795813980e+01
-3.741889379386186931e+01
-3.699536689893010077e+01
-3.784182226499508772e+01
-3.764442355770400894e+01
-4.053552131505539080e+01
-3.874251458698540063e+01
-3.681869435546973079e+01
-3.742029475745901834e+01
-3.914415047486144061e+01
-3.661420927213134746e+01
-3.692368884091914794e+01
-3.771493269738833476e+01
-3.894420812141173371e+01
-3.778324665610976751e+01
-3.972005497327807433e+01
-3.764392094168690051e+01
-4.163555846570008612e+01
-3.717321982418282289e+01
-3.764836107145116273e+01
-3.854743621912203366e+01
-3.646716180288267850e+01
-3.724613878978185255e+01
-3.841464653904248649e+01
-3.724616912545732106e+01
-3.698381668350924656e+01
-4.114789485733926711e+01
-3.760411489393391093e+01
-3.855943799433988062e+01
-3.664715359522387672e+01
-3.732484622027204324e+01
-3.645229399968106776e+01
-3.961918985990236308e+01
-4.037801085225911635e+01
-3.663423048509684321e+01
-4.026950866269068996e+01
-3.668984792519289329e+01
-3.793095619107189975e+01
-3.888357241063567216e+01
-3.709086648412317544e+01
-3.785930860952464627e+01
-3.973184007894384706e+01
-4.270636732790082846e+01
-3.818016873279992041e+01
-3.726473754769175173e+01
-3.650044824392999487e+01
-3.806098738219765210e+01
-3.701927614671757283e+01
-3.653320853020905190e+01
-3.739946349721288499e+01
-4.243808644465832458e+01
-3.723818513951696474e+01
-3.723683388965663710e+01
-3.690255564501948271e+01
-3.764010967120895401e+01
-3.713167179982677624e+01
-3.681297174150157048e+01
-3.680656714157846210e+01
-3.846664833057963051e+01
-3.715655433056719659e+01
-4.029593778344438704e+01
-4.048765230492978873e+01
-3.652471027704466167e+01
-3.783576121777842616e+01
-4.064962804062013646e+01
-3.771911942433979448e+01
-3.832043034970570261e+01
-4.142344302064798001e+01
-3.964303917344172135e+01
-3.740301692180723592e+01
-3.664679689118168682e+01
-3.732386137018871608e+01
-3.990060946892313609e+01
-3.654039037230050724e+01
-3.891764405567298724e+01
-3.723678575271112834e+01
-3.842016018193653792e+01
-3.877803794280055172e+01
-3.831193738378236446e+01
-3.718355894657747029e+01
-3.692019710315712189e+01
-3.783811556516941010e+01
-3.827425793362694861e+01
-3.826777927210747521e+01
-3.827710175868537590e+01
-3.837268307532559675e+01
-3.766407001032266066e+01
-4.104836848354040058e+01
-3.899385418617559651e+01
-3.777488418170896978e+01
-3.658125372888720506e+01
-3.850536806362150344e+01
-3.688047078354605190e+01
-3.836219494432503296e+01
-3.677196138946702320e+01
-3.768584289980991286e+01
-3.672343636373334164e+01
-3.848390201591582382e+01
-3.809257539808124449e+01
-3.665442927807459483e+01
-3.832929638824281682e+01
-4.196996357753322116e+01
-3.808439558465190089e+01
-3.969314585361018999e+01
-3.886999309799598734e+01
-4.185929806099515815e+01
-3.748001886796868121e+01
-3.643704448362805692e+01
-3.963922061292198151e+01
-3.716571952148297697e+01
-3.706406898618541845e+01
-3.701903270880829666e+01
-3.840024363275609431e+01
-3.730210690249194982e+01
-3.793387490561540432e+01
-4.445215295767394537e+01
-3.667310226612646318e+01
-3.716213437539917663e+01
-3.852472900363700603e+01
-3.932275575420633373e+01
-4.014204039309048255e+01
-3.652053228589888079e+01
-3.719592849831506243e+01
-3.685643757193842873e+01
-3.885677098295344933e+01
-3.697107568480991802e+01
-3.687462674329134416e+01
-3.656955186385118850e+01
-3.650696287541953922e+01
-3.702958396271839803e+01
-3.720418047965584663e+01
-3.722382832556407806e+01
-3.858606590673372949e+01
-3.664556939694755044e+01
-3.907663458892410091e+01
-3.761131220350131343e+01
-3.775396833588770562e+01
-3.928712032497760021e+01
-3.810243234207204921e+01
-3.804472257049407347e+01
-3.706606487999222566e+01
-3.727178399063496528e+01
-3.930986450414874156e+01
-3.686037340068889279e+01
-3.834155295427240162e+01
-3.693670558516699742e+01
-3.646208528102886959e+01
-4.169949756313398836e+01
-3.652077149014684210e+01
-3.655661633716222525e+01
-3.724509247774795995e+01
-3.967894178904491298e+01
-3.726492157030676822e+01
-3.714153702827371006e+01
-3.646905535179480751e+01
-3.761285140367275659e+01
-3.663464957548374201e+01
-4.102475899066145359e+01
-4.095522556069917641e+01
-4.021423991113828578e+01
-3.686675055217187236e+01
-3.829871916497376816e+01
-4.070090078515406873e+01
-3.983960202320719901e+01
-3.675669345274028643e+01
-3.666723888801256237e+01
-3.663929721766235303e+01
-3.780641642352338749e+01
-3.759248093479880737e+01
-3.729242323989958408e+01
-3.645260092147322695e+01
-3.756230680905530761e+01
-3.686029747725942940e+01
-3.807498081061805095e+01
-3.683265168317102933e+01
-3.799975323488106937e+01
-3.838518232873691005e+01
-3.908755361249038174e+01
-3.865947152504681839e+01
-3.767541119041042919e+01
-3.645011917524285394e+01
-3.948467534583507188e+01
-3.874706950156959095e+01
-3.816400423051892687e+01
-4.091319946405839403e+01
-3.679675356977791267e+01
-4.090082523078355337e+01
-3.716471623489928078e+01
-3.751268377427035716e+01
-3.648922060190803052e+01
-3.697812490023759580e+01
-3.795717517062162472e+01
-3.779392516213449227e+01
-4.071654814256319099e+01
-3.714239351448740933e+01
-3.768953779424792572e+01
-3.785690051515754817e+01
-3.934426171174126097e+01
-3.816659002892792074e+01
-3.661030518120633559e+01
-3.652386973733931796e+01
-3.743602177414635435e+01
-3.732731690002002267e+01
-3.963498173229284305e+01
-3.904567901770231231e+01
-3.669687892708194710e+01
-3.772489840435383002e+01
-3.771651879589613543e+01
-3.763778100560676165e+01
-3.725031106944534542e+01
-3.716126406369981794e+01
-3.740876379634566007e+01
-3.756158762752109936e+01
-3.668360252361777185e+01
-3.655648834421158710e+01
-3.708054892777814615e+01
-3.656220751542959135e+01
-3.701812621065179343e+01
-4.023787200042161771e+01
-3.955319519022640407e+01
-3.809103746664474244e+01
-4.159296778059170663e+01
-3.652397820017451835e+01
-3.923635666230543251e+01
-3.702305093617391663e+01
-3.752802778413074236e+01
-3.727004335893856535e+01
-3.704724265939384509e+01
-3.743054745988148824e+01
-3.702640535277647871e+01
-3.770402292543754186e+01
-3.732114225513943495e+01
-3.708955455543605950e+01
-3.777934732176113641e+01
-3.682517004184104792e+01
-3.727683962314958421e+01
-3.775252887203284047e+01
-4.122778807008511137e+01
-3.800771537105815412e+01
-3.730126730465089935e+01
-3.782333793820871648e+01
-4.359859913502411644e+01
-3.677028874084103904e+01
-3.681892979833880730e+01
-3.695788069717666247e+01
-3.717545596991388379e+01
-3.759832388198822173e+01
-3.709624295858925791e+01
-3.941151640115729293e+01
-3.900801903918575420e+01
-3.801851950444282124e+01
-3.698667757413954149e+01
-3.688513709509616234e+01
-3.770820344649681743e+01
-3.721701561484083953e+01
-3.833635136538385524e+01
-3.682205194594008901e+01
-3.830327281520180804e+01
-3.845489110933379351e+01
-4.006366254118294989e+01
-3.665553899123693071e+01
-3.724971035907269368e+01
-3.674527664459281340e+01
-3.980685536118271273e+01
-3.642937870248266563e+01
-3.707377382144628086e+01
-3.751230021444937535e+01
-3.736347096263850887e+01
-3.905446300629586887e+01
-3.751430733001551232e+01
-3.962848981586693498e+01
-3.773384061281973345e+01
-3.727665336249064865e+01
-3.704084342816312869e+01
-3.754379230900472919e+01
-3.665919812834238911e+01
-3.653907046062990815e+01
-3.647040260898378250e+01
-3.698638194743951146e+01
-3.798692186739579313e+01
-3.884066473796711705e+01
-3.707120284109674913e+01
-3.763505755554956522e+01
-3.744583702292850091e+01
-3.766414826236135127e+01
-3.729788130888921671e+01
-3.690033084406752550e+01
-3.772312729264014308e+01
-4.265820600881156111e+01
-3.741305828217811325e+01
-3.789023329878912705e+01
-3.766187927345044528e+01
-3.864095301057057696e+01
-3.710828363919582529e+01
-3.977384952542713847e+01
-3.692120206761777723e+01
-3.959801151818631126e+01
-3.691233248186402705e+01
-3.774462083598689333e+01
-3.795709528475671846e+01
-3.732763660398368444e+01
-3.640892411660855998e+01
-3.811026945098428342e+01
-3.877826074902633025e+01
-3.695574195474468127e+01
-3.871070511345212850e+01
-3.833754567468938035e+01
-3.771743885393647133e+01
-3.752426042089911817e+01
-3.822508635700749835e+01
-3.798987582029342747e+01
-3.771533901009921408e+01
-4.052372220530413216e+01
-3.804063427670742215e+01
-4.098611296802377524e+01
-3.836400311199533064e+01
-3.702124682817234458e+01
-3.766006727039940927e+01
-3.699305651060659983e+01
-3.906219493140708465e+01
-3.800169395451343490e+01
-3.874886259660770804e+01
-3.707357032071710989e+01
-3.715293619141444736e+01
-4.124896133978258206e+01
-3.803815570300613302e+01
-3.661218143981001560e+01
-3.642535333140838105e+01
-3.758670531398068704e+01
-3.730897435752067537e+01
-3.645296459614846896e+01
-4.229187217646382635e+01
-3.660653617466135046e+01
-3.788959528941036581e+01
-3.663231180100378026e+01
-3.701097963957847270e+01
-3.669271562632202688e+01
-3.651708978644275305e+01
-3.747637418878782967e+01
-3.826527094530392503e+01
-3.781584582574047460e+01
-3.737340566925210794e+01
-3.670710419032967309e+01
-3.764037553905188105e+01
-3.733952268100661342e+01
-3.750598187182807663e+01
-3.664992465845273983e+01
-4.184024042629751960e+01
-3.642662906662452826e+01
-4.151966038821422700e+01
-3.868309777637036717e+01
-3.841310911034568676e+01
-4.304463312618018733e+01
-3.913548910615153176e+01
-3.672006582880793246e+01
-3.930817816731056524e+01
-3.795605118842807713e+01
-3.937298866506019834e+01
-3.950521629159113246e+01
-3.664646733325961492e+01
-3.740068754441947618e+01
-3.793728145758344539e+01
-4.013912872636937124e+01
-3.662749493586072447e+01
-3.830776753797830736e+01
-3.718696114858650503e+01
-3.698429210703619674e+01
-3.734313368905922914e+01
-3.675950791936979556e+01
-3.694005236860495245e+01
-3.728152760924218967e+01
-3.871338458825265150e+01
-3.778280822005756789e+01
-3.834992633475452095e+01
-3.802714560235871488e+01
-3.725102204186639199e+01
-4.307960054889630186e+01
-4.404199205354360913e+01
-3.875264875573633105e+01
-3.693463781483102082e+01
-3.866759665047536743e+01
-3.789810865023832065e+01
-3.677425468368817718e+01
-3.707889399614533943e+01
-3.725204217123528849e+01
-3.691407708330636694e+01
-3.702089466630561532e+01
-3.709408329519287406e+01
-3.811450462136210149e+01
-4.150322341182074126e+01
-3.733827641089747118e+01
-3.967678358434638142e+01
-3.704747061736581770e+01
-4.046645933568586173e+01
-3.678131514985364703e+01
-3.802712191719187729e+01
-4.566025162623880362e+01
-3.923231069912418434e+01
-3.651827099229467422e+01
-3.934858348122027394e+01
-3.737658496228900873e+01
-4.054051531800502772e+01
-4.119280086772280924e+01
-3.698337305229939886e+01
-3.924627539559595135e+01
-3.809222855708803479e+01
-3.817872286698392514e+01
-4.022172344601089122e+01
-3.782315031240095493e+01
-3.756060339006775450e+01
-3.843885589156721494e+01
-3.900654908496601081e+01
-3.959532698973973908e+01
-3.790902566670068552e+01
-4.070794903596661385e+01
-3.657012854054796236e+01
-3.952239935728818665e+01
-3.759190970004024734e+01
-3.648245061600979966e+01
-3.707329122694390833e+01
-3.774463664666269125e+01
-3.704262660029832688e+01
-3.773558118036159215e+01
-3.669006027447646545e+01
-3.867995933257957120e+01
-3.719635773946980351e+01
-3.777044336666905622e+01
-3.667374833338822526e+01
-3.885842332576055469e+01
-3.700307977973569251e+01
-3.862139500713174556e+01
-3.659566034267860601e+01
-3.682494525204923264e+01
-3.815046285385639635e+01
-3.666521421140832615e+01
-4.230330567404935493e+01
-4.114852753726969325e+01
-3.822207500794166890e+01
-3.652290530355836751e+01
-3.674900802783663778e+01
-3.792441612507305138e+01
-3.781540108280937318e+01
-3.829738606874066420e+01
-3.894126608629968445e+01
-3.694822795495165479e+01
-3.709133763667732353e+01
-3.818981718512754497e+01
-3.718602691605942567e+01
-3.707670031268652622e+01
-4.034746365308011207e+01
-3.647359961698928288e+01
-3.828623052331613508e+01
-4.164811064145193598e+01
-4.086897843410987008e+01
-4.305460941749253578e+01
-3.660576439697334905e+01
-4.016591821888945191e+01
-4.165492473863362477e+01
-4.113349319756000710e+01
-3.695131578499232461e+01
-3.775301470566154904e+01
-3.732704388490884639e+01
-3.660547605838767993e+01
-3.724375173251250715e+01
-3.793535679754779011e+01
-3.743077605277310482e+01
-3.692240381207479061e+01
-3.718852210192504515e+01
-3.723627787261457911e+01
-4.057912088347212887e+01
-3.976397899816912940e+01
-3.785732086671728069e+01
-3.863173707407837298e+01
-3.952932050147680343e+01
-3.670852052052700287e+01
-3.798025003156116952e+01
-3.835349509363784648e+01
-3.784650170761635479e+01
-3.925253913487799196e+01
-3.641244002678625691e+01
-3.830268777681574477e+01
-3.835416738094069444e+01
-3.817320759803575925e+01
-3.733236320472720138e+01
-3.662363947005347597e+01
-4.018016157109705944e+01
-4.150523731218405743e+01
-3.898662533614638903e+01
-3.951035802304889444e+01
-3.719968191862162143e+01
-3.849397906525936008e+01
-3.682218846900237708e+01
-3.733913123899201736e+01
-3.801821051954359376e+01
-3.662463700475718298e+01
-3.654594345154498569e+01
-3.763456512555263345e+01
-4.059982581931124912e+01
-3.674893630160542557e+01
-3.693531301336888362e+01
-3.653972388698191764e+01
-4.033704223260164667e+01
-3.703117616848714277e+01
-3.890492023930723064e+01
-4.208764245604324827e+01
-3.888750958811691305e+01
-3.994028410350456681e+01
-4.061466539310179513e+01
-3.772233252325390396e+01
-4.081835295202444769e+01
-3.994883537628548709e+01
-3.654704145099238133e+01
-3.813273849034961671e+01
-4.121831902303800632e+01
-3.712176048981363152e+01
-3.670638563200688509e+01
-3.734996752831450806e+01
-3.717479968069225293e+01
-3.919347637325559219e+01
-3.649423566846665778e+01
-3.648563984162704799e+01
-3.654678120528456020e+01
-3.962706143780830104e+01
-3.678289248077697238e+01
-3.939860530670828354e+01
-3.911979611503718246e+01
-3.681073472714601991e+01
-3.927720757052082945e+01
-4.620055562440354890e+01
-3.956971120528724839e+01
-3.709724140836733852e+01
-3.687494670537350316e+01
-3.939010411967264957e+01
-3.709741579715532822e+01
-4.363573523477180061e+01
-3.696183392201157147e+01
-3.792581397613606242e+01
-3.711872436694376631e+01
-3.670877037610894433e+01
-3.641159332262397186e+01
-3.869376837587657292e+01
-3.802611445370916954e+01
-3.777366070221828664e+01
-3.710300263893229555e+01
-3.855087446637473647e+01
-4.018940802779830079e+01
-3.893561725234246751e+01
-3.840719569073446138e+01
-3.681608205541532186e+01
-3.746022112221191236e+01
-3.858136101693775544e+01
-3.912064605706192566e+01
-3.640805170890307352e+01
-3.698756409148197122e+01
-3.767773354666338292e+01
-3.674243980396325071e+01
-3.806110738970677687e+01
-3.814760361409110345e+01
-3.666276572475048567e+01
-3.798325021531497470e+01
-3.680351256524394188e+01
-3.835428639132770456e+01
-3.802020629483074998e+01
-3.746576399821564252e+01
-3.779259780299862825e+01
-3.737016780635777735e+01
-3.778926269791323023e+01
-3.802696361730272656e+01
-3.969503796180039501e+01
-3.810449942398109613e+01
-3.711943475817139415e+01
-3.804992288085283292e+01
-3.786664691364462243e+01
-3.648234015900676752e+01
-3.741430221139305701e+01
-3.688542695684946437e+01
-3.771222074189562079e+01
-3.747806141854665185e+01
-3.775521739478342198e+01
-3.645370342812076814e+01
-3.859329365597774597e+01
-4.027571628303243045e+01
-3.730133263165908630e+01
-3.892767255330904419e+01
-3.848913133579876700e+01
-3.759531440434400196e+01
-3.758790631715835673e+01
-3.666676707442022831e+01
-3.735045726858987081e+01
-3.832483609973915861e+01
-3.924295868078053928e+01
-3.656281158407046661e+01
-3.806229446739256161e+01
-3.780454754381852922e+01
-3.682426409810067724e+01
-3.666729652601236467e+01
-3.926657924535947330e+01
-3.830082143594515998e+01
-3.922965902434380325e+01
-3.698638699185778478e+01
-3.870252226481265723e+01
-3.834271985053909049e+01
-3.868129881259413594e+01
-3.814288274504239240e+01
-3.870821549215710888e+01
-3.872982394654033556e+01
-3.808686862489494018e+01
-3.706032798672913486e+01
-3.805777352903625399e+01
-3.697989445824975974e+01
-3.706657550066076112e+01
-3.785223160987569457e+01
-3.816666226064536716e+01
-3.710757961711367159e+01
-3.661101075990722364e+01
-3.696508667866946496e+01
-3.757389002457773586e+01
-3.971896294471313382e+01
-3.787489495906227432e+01
-3.687241269957534939e+01
-3.729977912370659254e+01
-3.799262478007311472e+01
-3.794542467426730070e+01
-3.641370639743062299e+01
-3.702964959722165617e+01
-4.110487821111171058e+01
-3.705338132930133099e+01
-3.724799996199648433e+01
-3.995003800452223430e+01
-3.944832875467647426e+01
-3.934944971661624180e+01
-3.787983938729809807e+01
-4.183952222432753842e+01
-3.726526076785964392e+01
-4.058634292384935094e+01
-3.857012442699092958e+01
-3.641323509446915807e+01
-3.956187318562844268e+01
-3.790597399265696055e+01
-3.714086505374098834e+01
-3.778256696907761381e+01
-3.797972954194839446e+01
-4.441642197529073854e+01
-3.971636366813302743e+01
-3.669851357250567503e+01
-3.672441767490985143e+01
-3.697809215835518160e+01
-3.788097269199094086e+01
-3.741131230008628705e+01
-3.907063103452669850e+01
-3.703740908621811911e+01
-4.021221604948082984e+01
-3.911075511693358209e+01
-3.796863636165670641e+01
-4.172566947022911421e+01
-3.781611179096119457e+01
-3.706951977742460258e+01
-3.938807815994226047e+01
-3.689789832975518635e+01
-4.595141543279270735e+01
-3.646482552169433689e+01
-3.722950062237256930e+01
-3.718976373850404116e+01
-3.654319952069403854e+01
-3.915315739331141742e+01
-4.354240619068079354e+01
-3.659406727109755053e+01
-3.804708881332874171e+01
-3.645417577085025584e+01
-4.208472426622920182e+01
-3.820334219267449782e+01
-4.207397273466362719e+01
-3.701732516648045390e+01
-3.826293864416540202e+01
-3.690488084213500741e+01
-3.708223110626877883e+01
-3.669675596682598950e+01
-4.260515956315789055e+01
-3.704372100867266226e+01
-3.648929237967019645e+01
-3.757212106486930026e+01
-3.671377491172338381e+01
-4.099589677230161300e+01
-3.658899094627992099e+01
-3.652451055188690532e+01
-3.720776644419730417e+01
-3.673903717814513925e+01
-3.825500065332065702e+01
-3.851453278395890578e+01
-3.666638463681636040e+01
-3.729480733020326966e+01
-3.732951644950350101e+01
-3.659149294219594140e+01
-3.872867592776988488e+01
-3.993352662140424769e+01
-3.671341266699648997e+01
-3.783204378153131842e+01
-3.648379353150684068e+01
-3.695094541145707723e+01
-4.154485855304280761e+01
-4.028838416965378144e+01
-3.800939423454495625e+01
-4.050404036788774675e+01
-3.749559923531373329e+01
-3.953147606451889118e+01
-3.656843135194871763e+01
-3.704262097771701434e+01
-3.663898302605536372e+01
-3.758015036796653874e+01
-3.664659290705014882e+01
-4.235086828919266111e+01
-3.678132263854880080e+01
-3.741381459562121137e+01
-3.712236251853530433e+01
-3.703763130667780956e+01
-3.654745207586213951e+01
