-3.814164342000164254e+01
-4.120245080542024141e+01
-3.704615287348567421e+01
-3.689098802353778694e+01
-3.589993305424015091e+01
-3.788604288085376481e+01
-3.627430305843095226e+01
-3.681734146185022638e+01
-3.687360038659755190e+01
-4.157980675915797519e+01
-3.742075759140986690e+01
-3.986695900995226793e+01
-3.909008751635657575e+01
-3.663908916461291909e+01
-4.011328222859489046e+01
-3.714826844063284028e+01
-3.973141883753925185e+01
-3.580272495849074232e+01
-4.169886341207298130e+01
-3.704149830032841351e+01
-3.626698062157527858e+01
-3.969140279606416755e+01
-3.637003101443770703e+01
-3.564048201656945736e+01
-3.580876621854314124e+01
-3.884107211700712980e+01
-3.713446697023361764e+01
-3.615095241631535572e+01
-3.721400715770814571e+01
-3.568013379209743619e+01
-3.735091034564669599e+01
-3.587776493299855218e+01
-4.551354639891140152e+01
-3.723758866643265009e+01
-3.981685044731780465e+01
-3.666965273038034212e+01
-3.635093900758523233e+01
-3.572480649056264213e+01
-3.893252580002585717e+01
-3.833678610407417864e+01
-3.690419473104267212e+01
-3.868924733729004828e+01
-3.866287160655561195e+01
-3.688679199903766914e+01
-3.625585774196290600e+01
-3.591060297676622071e+01
-3.978598318418316637e+01
-3.955445196935330188e+01
-3.803987837667835947e+01
-3.696617666773613564e+01
-4.042247136907052152e+01
-3.657690366617430300e+01
-3.583003075216671363e+01
-3.565062746025682117e+01
-3.600928123254990965e+01
-3.760096585984951645e+01
-3.581539442725205902e+01
-3.571174683341887857e+01
-3.761448352204764944e+01
-3.565327966926349745e+01
-3.742911312882752384e+01
-3.739507622497761474e+01
-3.788188384213371762e+01
-3.776952223682615539e+01
-3.602305619317203167e+01
-3.891850846274709141e+01
-4.143534872362236854e+01
-3.706596481968125545e+01
-3.612651901725539716e+01
-4.477516664124727441e+01
-3.738066352030654116e+01
-3.623597430469584424e+01
-3.593154528940421244e+01
-3.708818602145148446e+01
-3.571640629050153848e+01
-3.602002471787167792e+01
-3.858358013664278729e+01
-3.580697234165907616e+01
-3.820427608606725300e+01
-3.631053902853736304e+01
-3.571848922700824858e+01
-4.494610545419884318e+01
-3.679178488639375644e+01
-3.641448034765163300e+01
-4.244273733809419014e+01
-4.329081547800377194e+01
-3.658289476070912372e+01
-3.568720927189988146e+01
-4.005955088163567979e+01
-3.753004339946115664e+01
-4.111129885352852398e+01
-4.452363973600766656e+01
-3.914276679997899322e+01
-3.561626953682237229e+01
-3.571189458274961481e+01
-3.886146262529697992e+01
-4.205742498801437534e+01
-3.715103254913932318e+01
-3.627888039315750035e+01
-3.589376259730316576e+01
-3.584382662335256953e+01
-3.672562448933599910e+01
-3.827007889500491444e+01
-3.759669064645598979e+01
-3.870387793515074293e+01
-3.724790678369954833e+01
-3.690003841766813508e+01
-3.758596639076885282e+01
-3.578710325582763119e+01
-3.835719372044876252e+01
-3.749982911948002595e+01
-3.657250085518143834e+01
-3.590885495748035794e+01
-3.685958450991355306e+01
-3.653829510567997119e+01
-3.888484726635100230e+01
-3.604799033132276520e+01
-3.778645849937514356e+01
-4.445363559156343314e+01
-4.162170689228561571e+01
-3.840986153568002948e+01
-3.558041674351177619e+01
-3.853382026638505664e+01
-4.271996031924744841e+01
-4.103956333980822535e+01
-3.819562073021332793e+01
-3.752766384365173735e+01
-3.818926086497965855e+01
-3.857514775553477193e+01
-3.556614411751785099e+01
-3.833160472885852954e+01
-3.633868923685876950e+01
-3.762757820547259513e+01
-3.552613738690662615e+01
-3.916250638395052164e+01
-3.879677129671564728e+01
-3.587425045950210745e+01
-3.607067535105355205e+01
-3.644730258191466277e+01
-3.680883201604503796e+01
-3.568154449677319207e+01
-3.889082869100819551e+01
-3.611320261578391211e+01
-3.719860520301629947e+01
-4.370530677496005723e+01
-4.116365300608895694e+01
-3.781876461718950111e+01
-4.101170417734927298e+01
-3.576063429043200870e+01
-3.710009180203416435e+01
-3.682463916084663680e+01
-3.646036317203837029e+01
-3.926348753625198640e+01
-3.576896170396889119e+01
-3.648601348021064439e+01
-3.660372046567308502e+01
-3.877756575368594838e+01
-3.565694417501051561e+01
-4.122489483543238009e+01
-3.637595435897198826e+01
-3.778970278601251209e+01
-3.650546859654171783e+01
-3.554221696635500649e+01
-3.620502310989955674e+01
-3.825564786906109305e+01
-3.768069578615509840e+01
-3.680256525395055434e+01
-3.891550658823815922e+01
-3.607999180619943758e+01
-3.620824565639694015e+01
-3.852200989332767733e+01
-4.261084607752870568e+01
-3.957567440314455354e+01
-3.584131400235271059e+01
-3.710212443449637476e+01
-3.607660577813970093e+01
-3.600169964465199257e+01
-3.611895916230700720e+01
-3.648039292385341525e+01
-4.286520416200242067e+01
-3.828779874366678371e+01
-4.359182365627294331e+01
-3.724935282105746381e+01
-3.771043856871578726e+01
-3.884161058413754830e+01
-3.695085903170653552e+01
-3.643138352766122523e+01
-3.702917732798144357e+01
-4.406510611027776747e+01
-4.430996571094814129e+01
-3.608211235671637240e+01
-4.185931458439451092e+01
-4.023732467905634991e+01
-4.014711485492827592e+01
-4.011483711754925707e+01
-3.768012240442024563e+01
-3.596590154332164957e+01
-3.904134597726729794e+01
-3.653951185701220794e+01
-3.772286277589171988e+01
