-3.179620353898338436e+01
-3.430750978343545654e+01
-3.563912031395721414e+01
-3.170122750343036344e+01
-3.457686059220480246e+01
-3.756698415810937774e+01
-3.619706836013700979e+01
-3.611484797323352325e+01
-3.538310108945471200e+01
-3.520734450885067446e+01
-3.258747623248453351e+01
-3.973378972722213121e+01
-3.569902657617652153e+01
-3.718647031433726369e+01
-3.338751878817300422e+01
-3.371594557258766400e+01
-3.391430146196749718e+01
-3.309162033013389248e+01
-3.472181887002354017e+01
-3.253018808110762450e+01
-3.393884865807755347e+01
-3.647518729851872621e+01
-3.165045589454386388e+01
-4.164578973271640905e+01
-3.886106839575906946e+01
-3.698302958565963650e+01
-3.487735535589933278e+01
-3.688635461412614802e+01
-3.337900162098118528e+01
-3.490178662434002632e+01
-3.763593787108879951e+01
-3.246832853283640219e+01
-4.037785720465959116e+01
-3.489339652738709674e+01
-3.519849864007776574e+01
-3.467653455667321083e+01
-3.753897697490398855e+01
-3.454874310353740441e+01
-3.763605292145330594e+01
-3.402455658605875044e+01
