-3.458604316004951329e+01
-3.193385251402237301e+01
-3.241107457848109163e+01
-3.045171959990133104e+01
-3.059889849684547158e+01
-3.138266452732046474e+01
-3.989921760925057015e+01
-3.428355289389361360e+01
-3.158088038745242443e+01
-3.715708549814927153e+01
-3.118572191495304224e+01
-3.506152152256575505e+01
-3.843004068329037182e+01
-3.294322204892829120e+01
-2.994196635204552237e+01
-3.167135320471945903e+01
-2.992029584400257747e+01
-3.530103075739828000e+01
-3.749324842376691436e+01
-3.100248815505162980e+01
