-1.690665328970914416e+01
-8.981428228880925957e+00
-1.342106648865762608e+01
-1.348160356937459525e+01
-8.055435060021014948e+00
-7.396672002899814302e+00
-1.372026180640357396e+01
-1.025218961562919873e+01
-1.364789617030202962e+01
-1.376667445403731804e+01
-1.219774552765367659e+01
-1.209534079602971346e+01
-1.269180401868072927e+01
-7.487490704265826302e+00
-7.198131788317117419e+00
-1.076114516411466937e+01
-1.133698140276053934e+01
-1.516085225683109172e+01
-7.190276116235108539e+00
-1.036151873629144937e+01
